[6.198883056640625e-06, 1.0, 3.3333333333333335e-05]
[0.3938729763031006, 1.0, 0.0001593422]
[0.4028444290161133, 1.0, 0.0003818443091620435]
[0.41411709785461426, 1.0, 0.0006988916177029525]
[0.42268919944763184, 1.0, 0.0011085610471064096]
[0.43285536766052246, 1.0, 0.0016089609891766447]
[0.44077134132385254, 1.0, 0.0021982093270519363]
[0.4498715400695801, 1.0, 0.0028744433395961316]
[0.4589569568634033, 1.0, 0.00363581968856657]
[0.46779775619506836, 1.0, 0.004480514402685466]
[0.4864020347595215, 1.0, 0.005406722858189605]
[0.49506330490112305, 1.0, 0.006412659755931434]
[0.5057816505432129, 1.0, 0.007496559095103857]
[0.514512300491333, 1.0, 0.00865667414366029]
[0.5239481925964355, 1.0, 0.00989127740550077]
[0.5321578979492188, 1.0, 0.01119860953685401]
[0.5418417453765869, 1.0, 0.01257703346599058]
[0.5510854721069336, 1.0, 0.014024833216382919]
[0.5592148303985596, 1.0, 0.015540296238349717]
[0.5690395832061768, 1.0, 0.017121837982179047]
[0.5772051811218262, 1.0, 0.018767909947035935]
[0.5862483978271484, 1.0, 0.020476918056615865]
[0.5955102443695068, 1.0, 0.022247157705366574]
[0.6053745746612549, 1.0, 0.024077129828575107]
[0.6137714385986328, 1.0, 0.025965372859319644]
[0.6230430603027344, 1.0, 0.027910367778496925]
[0.6317987442016602, 1.0, 0.029910614185560142]
[0.6411478519439697, 1.0, 0.03196463022595226]
[0.6509268283843994, 1.0, 0.034070796037561774]
[0.7195794582366943, 1.0, 0.0362276663299741]
[0.7308568954467773, 1.0, 0.03843381362716744]
[0.7377088069915771, 1.0, 0.040687902397926974]
[0.7482519149780273, 1.0, 0.04298856323840636]
[0.7559390068054199, 1.0, 0.045334402073738095]
[0.7650415897369385, 1.0, 0.04772416502802139]
[0.7737593650817871, 1.0, 0.050156515722312146]
[0.7834339141845703, 1.0, 0.05263013561270101]
[0.7965543270111084, 1.0, 0.05514372389593817]
[0.804929256439209, 1.0, 0.05769599741835533]
[0.8139138221740723, 1.0, 0.06028569058308262]
[0.8230280876159668, 1.0, 0.06291155525561265]
[0.8323819637298584, 1.0, 0.0655723606677628]
[0.841327428817749, 1.0, 0.0682668933200863]
[0.8508694171905518, 1.0, 0.0709939568827819]
[0.8599467277526855, 1.0, 0.0737523720951512]
[0.8686692714691162, 1.0, 0.07654097666365221]
[0.8779492378234863, 1.0, 0.07935862515859679]
[0.8894903659820557, 1.0, 0.08220409498792257]
[0.9032683372497559, 1.0, 0.0850761520233057]
[0.9103214740753174, 1.0, 0.08797370300577621]
[0.9193627834320068, 1.0, 0.09089567119745413]
[0.9285895824432373, 1.0, 0.09384109366843969]
[0.937204122543335, 1.0, 0.09680905283424479]
[0.9465987682342529, 1.0, 0.0997984192044578]
[0.956110954284668, 1.0, 0.10280804985916164]
[0.966245174407959, 1.0, 0.10583704936988142]
[0.9738643169403076, 1.0, 0.10888446693345571]
[1.0441458225250244, 1.0, 0.1119493058865399]
[1.0529775619506836, 1.0, 0.11503074930538335]
[1.0681123733520508, 1.0, 0.1181277580265914]
[1.0765564441680908, 1.0, 0.12123927786077329]
[1.0858094692230225, 1.0, 0.12436451011001998]
[1.095543622970581, 1.0, 0.12750270174476083]
[1.104365587234497, 1.0, 0.13065297671312123]
[1.112501621246338, 1.0, 0.13381447379368794]
[1.121157169342041, 1.0, 0.13698634646777666]
[1.130176305770874, 1.0, 0.1401677627981064]
[1.1398510932922363, 1.0, 0.14335790530697057]
[1.1481647491455078, 1.0, 0.14655597085393945]
[1.1611359119415283, 1.0, 0.14976106391094215]
[1.166280746459961, 1.0, 0.15297237870051103]
[1.1755962371826172, 1.0, 0.15618918973188148]
[1.1848094463348389, 1.0, 0.15941071885590663]
[1.1936464309692383, 1.0, 0.16263626834705655]
[1.2044906616210938, 1.0, 0.1658649797059159]
[1.213433027267456, 1.0, 0.16909615123132757]
[1.2246079444885254, 1.0, 0.17232909457865977]
[1.231008529663086, 1.0, 0.1755632423981733]
[1.2539682388305664, 1.0, 0.1787980717599026]
[1.2629280090332031, 1.0, 0.18203292876146562]
[1.2723267078399658, 1.0, 0.18526717235260154]
[1.2808897495269775, 1.0, 0.1885001742024274]
[1.2900984287261963, 1.0, 0.19173121080715946]
[1.4092020988464355, 1.0, 0.19495964761697568]
[1.410503625869751, 1.0, 0.1981850904547995]
[1.4222631454467773, 1.0, 0.2014069250418431]
[1.4381523132324219, 1.0, 0.2046245660504879]
[1.4466168880462646, 1.0, 0.2078374587955848]
[1.4619660377502441, 1.0, 0.21104506043190177]
[1.5057287216186523, 1.0, 0.21424673290979707]
[1.5071380138397217, 1.0, 0.21744181893258438]
[1.5163655281066895, 1.0, 0.22062992229333464]
[1.528050422668457, 1.0, 0.223810582514182]
[1.5365502834320068, 1.0, 0.22698317710660076]
[1.545220136642456, 1.0, 0.23014734275138712]
[1.5547327995300293, 1.0, 0.2333027574852847]
[1.5637884140014648, 1.0, 0.2364489684968524]
[1.572389841079712, 1.0, 0.23958553370264452]
[1.588252305984497, 1.0, 0.242712021616926]
[1.591188907623291, 1.0, 0.24582801122884157]
[1.5997259616851807, 1.0, 0.24893295430750803]
[1.6089837551116943, 1.0, 0.2520265907348652]
[1.6172258853912354, 1.0, 0.2551085808712362]
[1.6743824481964111, 1.0, 0.25817837410240607]
[1.692131519317627, 1.0, 0.26123572083768953]
[1.7013285160064697, 1.0, 0.2642802603099468]
[1.7081353664398193, 1.0, 0.2673115398990117]
[1.7170512676239014, 1.0, 0.27032908747507195]
[1.7265064716339111, 1.0, 0.2733325764637318]
[1.7379419803619385, 1.0, 0.27632178963314313]
[1.744084358215332, 1.0, 0.2792965474404431]
[1.7535507678985596, 1.0, 0.2822565449488171]
[1.762634038925171, 1.0, 0.28520148614326624]
[1.771799087524414, 1.0, 0.2881310838072544]
[1.7806270122528076, 1.0, 0.2910450594066703]
[1.792428970336914, 1.0, 0.2939431429743509]
[1.7982673645019531, 1.0, 0.2968250729951777]
[1.809189796447754, 1.0, 0.29969059629175726]
[1.8217535018920898, 1.0, 0.3025393723932548]
[1.834542989730835, 1.0, 0.3053711367316974]
[1.8425617218017578, 1.0, 0.30818578807347746]
[1.8511991500854492, 1.0, 0.3109829808073812]
[1.8594560623168945, 1.0, 0.3137626287913982]
[1.8724370002746582, 1.0, 0.3165245264338046]
[1.8781087398529053, 1.0, 0.3192684757040345]
[1.8863437175750732, 1.0, 0.32199428601702684]
[1.8951849937438965, 1.0, 0.32470177412464263]
[1.9042162895202637, 1.0, 0.3273907640077631]
[1.9138715267181396, 1.0, 0.33006108676907725]
[1.9240288734436035, 1.0, 0.33271249151580706]
[1.9762859344482422, 1.0, 0.3353447974386165]
[1.9857306480407715, 1.0, 0.33795797528698385]
[1.9946839809417725, 1.0, 0.3405518835464514]
[2.0043277740478516, 1.0, 0.34312630084127577]
[2.0171103477478027, 1.0, 0.3456809878413836]
[2.0254695415496826, 1.0, 0.34821591312509875]
[2.0344855785369873, 1.0, 0.350730991058929]
[2.044222593307495, 1.0, 0.3532260036478169]
[2.057046413421631, 1.0, 0.3557009359075829]
[2.0613229274749756, 1.0, 0.3581558022509592]
[2.07029390335083, 1.0, 0.3605905109402451]
[2.0800013542175293, 1.0, 0.36300497603734644]
[2.0893397331237793, 1.0, 0.3653991173012897]
[2.097654342651367, 1.0, 0.3677728600921501]
[2.1072568893432617, 1.0, 0.3701260561509988]
[2.1158576011657715, 1.0, 0.37245861878768466]
[2.124749183654785, 1.0, 0.37477059530682916]
[2.133836507797241, 1.0, 0.37706193248646025]
[2.1433379650115967, 1.0, 0.3793325058644596]
[2.1516294479370117, 1.0, 0.38158225022780085]
[2.160789966583252, 1.0, 0.3838112295241681]
[2.174193859100342, 1.0, 0.3860194104820738]
[2.182741165161133, 1.0, 0.3882066910009922]
[2.1915135383605957, 1.0, 0.3903730259048223]
[2.200632333755493, 1.0, 0.3925184943162331]
[2.2096214294433594, 1.0, 0.39464308149242755]
[2.21909236907959, 1.0, 0.39674670630013487]
[2.2275145053863525, 1.0, 0.39882927208756186]
[2.2922112941741943, 1.0, 0.40089085139608205]
[2.300916910171509, 1.0, 0.40293154032228046]
[2.3094089031219482, 1.0, 0.40495127731662334]
[2.3191733360290527, 1.0, 0.40695005312024396]
[2.3292551040649414, 1.0, 0.40892790639819043]
[2.3445932865142822, 1.0, 0.41088483603553017]
[2.3469128608703613, 1.0, 0.4128209530403868]
[2.358750104904175, 1.0, 0.41473628306389576]
[2.3740758895874023, 1.0, 0.41663085537334665]
[2.3908886909484863, 1.0, 0.4185047027709301]
[2.3984580039978027, 1.0, 0.420357861517775]
[2.4143571853637695, 1.0, 0.42219037125879383]
[2.425509214401245, 1.0, 0.4240022749483347]
[2.4344542026519775, 1.0, 0.42579361877663924]
[2.4433560371398926, 1.0, 0.4275643923856443]
[2.453561544418335, 1.0, 0.4293145718619753]
[2.4619975090026855, 1.0, 0.4310442753111792]
[2.475773334503174, 1.0, 0.43275363997462635]
[2.4859559535980225, 1.0, 0.4344427270892578]
[2.495889663696289, 1.0, 0.4361115444045629]
[2.504063367843628, 1.0, 0.43776014237366406]
[2.514183759689331, 1.0, 0.43938861073585683]
[2.522217035293579, 1.0, 0.44099695131091493]
[2.5454368591308594, 1.0, 0.44258524274968425]
[2.5959932804107666, 1.0, 0.44415361906380524]
[2.605095386505127, 1.0, 0.44570223132129644]
[2.6139540672302246, 1.0, 0.44723116129412177]
[2.6237008571624756, 1.0, 0.4487404930479225]
[2.6410226821899414, 1.0, 0.4502302625657031]
[2.643313407897949, 1.0, 0.45170054370547913]
[2.6536428928375244, 1.0, 0.453151445242073]
[2.665243148803711, 1.0, 0.4545829971772964]
[2.6717326641082764, 1.0, 0.4559953455328447]
[2.681277275085449, 1.0, 0.45738858842033675]
[2.7060112953186035, 1.0, 0.45876284198609896]
[2.7101871967315674, 1.0, 0.46011819289844824]
[2.718924045562744, 1.0, 0.46145480511737563]
[2.7305920124053955, 1.0, 0.46277278224123763]
[2.745490789413452, 1.0, 0.46407222952531785]
[2.754999876022339, 1.0, 0.4653532538253618]
[2.764251470565796, 1.0, 0.466615920844157]
[2.7726519107818604, 1.0, 0.4678603280866772]
[2.781703472137451, 1.0, 0.4690866439452292]
[2.790933132171631, 1.0, 0.4702949811363518]
[2.8035430908203125, 1.0, 0.4714854537241001]
[2.8121724128723145, 1.0, 0.472658177068163]
[2.823888063430786, 1.0, 0.47381322868478215]
[2.8352487087249756, 1.0, 0.4749507150339835]
[2.853640079498291, 1.0, 0.4760707693840883]
[2.9007456302642822, 1.0, 0.4771735007751716]
[2.909947633743286, 1.0, 0.47825904421485177]
[2.9193263053894043, 1.0, 0.479327511139742]
[2.933032751083374, 1.0, 0.4803790737386283]
[2.9441068172454834, 1.0, 0.4814138560018113]
[2.951510190963745, 1.0, 0.48243198280789196]
[2.9601168632507324, 1.0, 0.4834335798791648]
[2.9724302291870117, 1.0, 0.48441877374014447]
[2.977846384048462, 1.0, 0.4853876916767484]
[2.9870803356170654, 1.0, 0.4863404616961309]
[2.9977009296417236, 1.0, 0.48727721248716377]
[3.006498098373413, 1.0, 0.4881980733815587]
[3.0238711833953857, 1.0, 0.489103174315626]
[3.0255300998687744, 1.0, 0.48999266083339366]
[3.0365898609161377, 1.0, 0.49086662419703736]
[3.043339967727661, 1.0, 0.49172515287655133]
[3.0530989170074463, 1.0, 0.4925683813989022]
[3.062120199203491, 1.0, 0.49339647277380666]
[3.071255922317505, 1.0, 0.4942095704023907]
[3.080756902694702, 1.0, 0.4950077993850889]
[3.090768575668335, 1.0, 0.495791294256821]
[3.0982019901275635, 1.0, 0.4965602252171782]
[3.1078431606292725, 1.0, 0.4973147262247836]
[3.1168808937072754, 1.0, 0.49805487247995606]
[3.12607741355896, 1.0, 0.4987808008975507]
[3.1346490383148193, 1.0, 0.49949267244990014]
[3.144418954849243, 1.0, 0.5001906547533641]
[3.1586685180664062, 1.0, 0.5008748592901457]
[3.1668686866760254, 1.0, 0.5015454141321413]
[3.178647994995117, 1.0, 0.502202485235016]
[3.1865506172180176, 1.0, 0.5028462074785492]
[3.1962661743164062, 1.0, 0.5034766942790848]
[3.204406976699829, 1.0, 0.5040940532316436]
[3.225985288619995, 1.0, 0.5046984211036456]
[3.227566719055176, 1.0, 0.5052899546819066]
[3.237139940261841, 1.0, 0.5058687963039565]
[3.2469482421875, 1.0, 0.506435074664398]
[3.25583815574646, 1.0, 0.5069889503663186]
[3.2723820209503174, 1.0, 0.5075305390146702]
[3.2747507095336914, 1.0, 0.508059969113692]
[3.283785820007324, 1.0, 0.5085773813167896]
[3.2923696041107178, 1.0, 0.5090829038771736]
[3.3054416179656982, 1.0, 0.50957667662674]
[3.3104758262634277, 1.0, 0.5100588274781319]
[3.3226585388183594, 1.0, 0.5105294953641156]
[3.3283231258392334, 1.0, 0.5109888077697394]
[3.342238664627075, 1.0, 0.5114369179651649]
[3.349735736846924, 1.0, 0.511873942431633]
[3.358733654022217, 1.0, 0.5123000078621495]
[3.371273994445801, 1.0, 0.5127152648322569]
[3.377164363861084, 1.0, 0.5131198296853999]
[3.385831594467163, 1.0, 0.5135138281459879]
[3.396806240081787, 1.0, 0.5138973948545755]
[3.4051172733306885, 1.0, 0.5142706547953874]
[3.414292335510254, 1.0, 0.5146337413759594]
[3.424915313720703, 1.0, 0.514986778772125]
[3.436004161834717, 1.0, 0.5153298991018653]
[3.443450689315796, 1.0, 0.5156632142294235]
[3.4522924423217773, 1.0, 0.5159868627209194]
[3.4614951610565186, 1.0, 0.5163009746581201]
[3.4710114002227783, 1.0, 0.5166056614419646]
[3.492858409881592, 1.0, 0.5169010486984575]
[3.494302272796631, 1.0, 0.5171872614163378]
[3.5038321018218994, 1.0, 0.5174644239349867]
[3.5181028842926025, 1.0, 0.5177326691713705]
[3.5255324840545654, 1.0, 0.5179921317539887]
[3.53505539894104, 1.0, 0.5182429329049303]
[3.54376482963562, 1.0, 0.5184851931796343]
[3.558152198791504, 1.0, 0.5187190324554916]
[3.568669319152832, 1.0, 0.5189445699214339]
[3.582326650619507, 1.0, 0.5191619240678639]
[3.590791940689087, 1.0, 0.5193712126769214]
[3.6091904640197754, 1.0, 0.5195725432490157]
[3.6103062629699707, 1.0, 0.5197660418762743]
[3.6199417114257812, 1.0, 0.5199518241585719]
[3.6285347938537598, 1.0, 0.5201300049523446]
[3.640630006790161, 1.0, 0.5203006983619768]
[3.651658058166504, 1.0, 0.5204640177319877]
[3.660771369934082, 1.0, 0.5206200701955428]
[3.6694750785827637, 1.0, 0.5207689659749997]
[3.6795952320098877, 1.0, 0.5209108184013367]
[3.696018695831299, 1.0, 0.5210457362640123]
[3.7031590938568115, 1.0, 0.5211738293879971]
[3.7130074501037598, 1.0, 0.5212952127722359]
[3.7208845615386963, 1.0, 0.521409994242131]
[3.7308497428894043, 1.0, 0.5215182769855542]
[3.7398345470428467, 1.0, 0.5216201660888179]
[3.749405860900879, 1.0, 0.521715768642065]
[3.758476495742798, 1.0, 0.5218051850188813]
[3.768226385116577, 1.0, 0.5218885225469482]
[3.779812812805176, 1.0, 0.5219658855839358]
[3.7875173091888428, 1.0, 0.5220373753608664]
[3.798499345779419, 1.0, 0.5221030967835493]
[3.8062515258789062, 1.0, 0.5221631448621445]
[3.814720392227173, 1.0, 0.522217621666102]
[3.8241474628448486, 1.0, 0.5222666243075653]
[3.832723379135132, 1.0, 0.52231025274129]
[3.841505527496338, 1.0, 0.5223486027112338]
[3.8509795665740967, 1.0, 0.5223817720616456]
[3.859865188598633, 1.0, 0.5224098579397558]
[3.8700850009918213, 1.0, 0.5224329537486372]
[3.878915548324585, 1.0, 0.5224511526898096]
[3.8878538608551025, 1.0, 0.522464548013069]
[3.896545648574829, 1.0, 0.5224732308321364]
[3.906205177307129, 1.0, 0.5224772924048479]
[3.921199083328247, 1.0, 0.5224768231035831]
[3.9238452911376953, 1.0, 0.5224719124148468]
[3.9327704906463623, 1.0, 0.5224626487753377]
[3.9423983097076416, 1.0, 0.5224491198517587]
[3.950803518295288, 1.0, 0.522431412690962]
[3.9600956439971924, 1.0, 0.5224096132352487]
[3.9698636531829834, 1.0, 0.5223838065416075]
[3.9788742065429688, 1.0, 0.5223540767823387]
[3.986847400665283, 1.0, 0.5223205062548495]
[3.996220588684082, 1.0, 0.5222831783851429]
[4.005242586135864, 1.0, 0.5222421734423425]
[4.013698101043701, 1.0, 0.5221975703412975]
[4.02330756187439, 1.0, 0.5221494486245886]
[4.031811952590942, 1.0, 0.5220978889308786]
[4.042858362197876, 1.0, 0.5220429670694746]
[4.052591800689697, 1.0, 0.5219847618191555]
[4.061559438705444, 1.0, 0.5219233517377415]
[4.0706048011779785, 1.0, 0.5218588122159773]
[4.079544544219971, 1.0, 0.5217912177768327]
[4.08847188949585, 1.0, 0.5217206420778541]
[4.096911191940308, 1.0, 0.5216471555611313]
[4.106707572937012, 1.0, 0.5215708294781762]
[4.1152753829956055, 1.0, 0.5214917355046396]
[4.125678777694702, 1.0, 0.5214099404864984]
[4.1350908279418945, 1.0, 0.5213255137004021]
[4.147585868835449, 1.0, 0.5212385235825083]
[4.154240369796753, 1.0, 0.5211490377316107]
[4.163248777389526, 1.0, 0.5210571229122107]
[4.173027753829956, 1.0, 0.5209628481215208]
[4.181673765182495, 1.0, 0.5208662793544125]
[4.190839767456055, 1.0, 0.5207674800176831]
[4.203023910522461, 1.0, 0.520666517800692]
[4.213317632675171, 1.0, 0.5205634553683508]
[4.221877098083496, 1.0, 0.5204583545650888]
[4.23361873626709, 1.0, 0.5203512729154113]
[4.241418838500977, 1.0, 0.5202422696178564]
[4.250537633895874, 1.0, 0.5201314087600838]
[4.259121656417847, 1.0, 0.5200187452477489]
[4.271780729293823, 1.0, 0.5199043320539526]
[4.278015851974487, 1.0, 0.5197882262176836]
[4.295630931854248, 1.0, 0.5196704878621017]
[4.2970592975616455, 1.0, 0.519551173582082]
[4.307452917098999, 1.0, 0.5194303368786073]
[4.317964553833008, 1.0, 0.5193080368577383]
[4.3266730308532715, 1.0, 0.5191843266072018]
[4.341713905334473, 1.0, 0.5190592543229053]
[4.34993839263916, 1.0, 0.5189328661951516]
[4.362056493759155, 1.0, 0.5188052131082296]
[4.369734048843384, 1.0, 0.5186763451966455]
[4.377857446670532, 1.0, 0.5185463217628159]
[4.3874077796936035, 1.0, 0.518415186974756]
[4.398916482925415, 1.0, 0.5182829830099787]
[4.409151554107666, 1.0, 0.5181497614636362]
[4.419071912765503, 1.0, 0.5180155700779524]
[4.425613164901733, 1.0, 0.5178804545706673]
[4.434759616851807, 1.0, 0.5177444539936692]
[4.443986892700195, 1.0, 0.5176076126689874]
[4.4579315185546875, 1.0, 0.5174699787751862]
[4.467729330062866, 1.0, 0.5173315965541335]
[4.542395114898682, 1.0, 0.517192506748376]
[4.543712615966797, 1.0, 0.5170527522341699]
[4.552731513977051, 1.0, 0.5169123738227257]
[4.561824321746826, 1.0, 0.5167714101290498]
[4.571065664291382, 1.0, 0.516629902017585]
[4.584510087966919, 1.0, 0.516487882075365]
[4.588812351226807, 1.0, 0.5163453884813836]
[4.644955396652222, 1.0, 0.5162024635076026]
[4.645995378494263, 1.0, 0.5160591454038674]
[4.655216217041016, 1.0, 0.5159154688273787]
[4.664112567901611, 1.0, 0.5157714707528671]
[4.676938056945801, 1.0, 0.5156271797511788]
[4.6821722984313965, 1.0, 0.5154826301490938]
[4.702111482620239, 1.0, 0.5153378484832372]
[4.707021474838257, 1.0, 0.51519286566778]
[4.71580171585083, 1.0, 0.5150477278564496]
[4.728999137878418, 1.0, 0.5149024691501884]
[4.733676910400391, 1.0, 0.5147571071459422]
[4.748920440673828, 1.0, 0.5146116703313004]
[4.752372741699219, 1.0, 0.5144661904640027]
[4.762229919433594, 1.0, 0.514320695690614]
[4.772536993026733, 1.0, 0.5141752238356768]
[4.782176494598389, 1.0, 0.5140298040762101]
[4.795066595077515, 1.0, 0.513884464181747]
[4.802253484725952, 1.0, 0.5137392313603218]
[4.81148099899292, 1.0, 0.5135941322640757]
[4.820912599563599, 1.0, 0.513449199385471]
[4.837523937225342, 1.0, 0.5133044517640613]
[4.84905481338501, 1.0, 0.5131599144197636]
[4.858070135116577, 1.0, 0.5130156118388469]
[4.8688178062438965, 1.0, 0.5128715679798921]
[4.8805153369903564, 1.0, 0.5127278062794186]
[4.887621641159058, 1.0, 0.5125843496575035]
[4.897336959838867, 1.0, 0.5124412253052799]
[4.905603885650635, 1.0, 0.5122984565147829]
[4.914265871047974, 1.0, 0.5121560583018284]
[4.9236741065979, 1.0, 0.5120140515792244]
[4.932313680648804, 1.0, 0.5118724567709692]
[4.941302061080933, 1.0, 0.5117312938181285]
[4.950355052947998, 1.0, 0.5115905821843788]
[4.962770938873291, 1.0, 0.5114503408615337]
[4.978046655654907, 1.0, 0.5113105930497684]
[4.9874656200408936, 1.0, 0.5111713628288644]
[4.995872259140015, 1.0, 0.5110326675558272]
[5.005064964294434, 1.0, 0.5108945241393208]
[5.013665199279785, 1.0, 0.5107569444403497]
[5.027371168136597, 1.0, 0.5106199431508395]
[5.032442808151245, 1.0, 0.5104835420195726]
[5.040733814239502, 1.0, 0.5103477516676171]
[5.056732416152954, 1.0, 0.5102125809957342]
[5.058687925338745, 1.0, 0.5100780505653657]
[5.068376541137695, 1.0, 0.5099441684563549]
[5.077893257141113, 1.0, 0.5098109528998068]
[5.08679986000061, 1.0, 0.5096784185574987]
[5.094992637634277, 1.0, 0.5095465724372297]
[5.113126516342163, 1.0, 0.5094154271201036]
[5.114236354827881, 1.0, 0.5092849926474398]
[5.123773574829102, 1.0, 0.5091552822823946]
[5.133801698684692, 1.0, 0.5090263082247645]
[5.144266366958618, 1.0, 0.5088980815416745]
[5.155722379684448, 1.0, 0.5087706172090376]
[5.1638336181640625, 1.0, 0.5086439310576065]
[5.172286510467529, 1.0, 0.5085180285962456]
[5.181848526000977, 1.0, 0.5083929179830874]
[5.195209741592407, 1.0, 0.5082686139009511]
[5.203961133956909, 1.0, 0.5081451209070912]
[5.212998390197754, 1.0, 0.5080224461666043]
[5.221587181091309, 1.0, 0.5079005991658225]
[5.230914115905762, 1.0, 0.507779586432202]
[5.23948335647583, 1.0, 0.5076594208250308]
[5.250564098358154, 1.0, 0.5075401094246295]
[5.261634826660156, 1.0, 0.507421655025467]
[5.266308307647705, 1.0, 0.5073040589922265]
[5.284475326538086, 1.0, 0.5071873316606406]
[5.286089181900024, 1.0, 0.5070714802868013]
[5.295222997665405, 1.0, 0.5069565093211218]
[5.305162191390991, 1.0, 0.5068424292564638]
[5.321513652801514, 1.0, 0.5067292413018125]
[5.330718040466309, 1.0, 0.5066169453159812]
[5.339311838150024, 1.0, 0.5065055460050408]
[5.352448463439941, 1.0, 0.5063950478047827]
[5.359455823898315, 1.0, 0.5062854585686779]
[5.367904186248779, 1.0, 0.5061767869278279]
[5.378200531005859, 1.0, 0.5060690362962894]
[5.385739326477051, 1.0, 0.5059622062467312]
[5.394478797912598, 1.0, 0.5058562986556562]
[5.403987646102905, 1.0, 0.5057513209996022]
[5.41888427734375, 1.0, 0.5056472757177172]
[5.426974534988403, 1.0, 0.5055441650164323]
[5.436609983444214, 1.0, 0.5054419908735892]
[5.444169044494629, 1.0, 0.5053407516367541]
[5.456557989120483, 1.0, 0.5052404444757912]
[5.468315601348877, 1.0, 0.5051410742783262]
[5.476872205734253, 1.0, 0.5050426466558493]
[5.486799240112305, 1.0, 0.5049451625011495]
[5.495771408081055, 1.0, 0.5048486225026105]
[5.505044460296631, 1.0, 0.5047530239300815]
[5.513453483581543, 1.0, 0.5046583629541491]
[5.522045373916626, 1.0, 0.5045646398924072]
[5.531052589416504, 1.0, 0.5044718548702853]
[5.5461106300354, 1.0, 0.504380007825015]
[5.557896852493286, 1.0, 0.5042891015709081]
[5.569278001785278, 1.0, 0.5041991395987733]
[5.5773606300354, 1.0, 0.5041101180927031]
[5.59347939491272, 1.0, 0.5040220322271396]
[5.595127105712891, 1.0, 0.5039348810562204]
[5.605681896209717, 1.0, 0.5038486634674003]
[5.617903709411621, 1.0, 0.503763378185147]
[5.623435974121094, 1.0, 0.5036790223661763]
[5.632512092590332, 1.0, 0.5035955991197091]
[5.641745090484619, 1.0, 0.5035131033723819]
[5.658114671707153, 1.0, 0.5034315359812965]
[5.665199041366577, 1.0, 0.5033508984245605]
[5.67289400100708, 1.0, 0.5032711883237192]
[5.680394172668457, 1.0, 0.5031924005066162]
[5.695072412490845, 1.0, 0.5031145350608466]
[5.708099365234375, 1.0, 0.5030375865844784]
[5.714929819107056, 1.0, 0.5029615514173991]
[5.724213600158691, 1.0, 0.5028864299964518]
[5.742679595947266, 1.0, 0.5028122191683491]
[5.744284152984619, 1.0, 0.50273891566173]
[5.760950565338135, 1.0, 0.5026665160901183]
[5.769443988800049, 1.0, 0.5025950169548634]
[5.781424045562744, 1.0, 0.5025244122647428]
[5.790236234664917, 1.0, 0.5024546976137276]
[5.79927134513855, 1.0, 0.5023858700443975]
[5.807985782623291, 1.0, 0.502317922668294]
[5.824420213699341, 1.0, 0.5022508539066183]
[5.832645416259766, 1.0, 0.5021846627105743]
[5.8493218421936035, 1.0, 0.5021193448724354]
[5.85316801071167, 1.0, 0.5020548960945761]
[5.873168706893921, 1.0, 0.501991309843787]
[5.877279758453369, 1.0, 0.501928578907404]
[5.885573863983154, 1.0, 0.5018666988977591]
[5.89485239982605, 1.0, 0.5018056674074491]
[5.903711795806885, 1.0, 0.5017454804853722]
[5.918606758117676, 1.0, 0.5016861307487122]
[5.92687201499939, 1.0, 0.501627615474906]
[5.935927391052246, 1.0, 0.5015699304647186]
[5.9449944496154785, 1.0, 0.5015130701544035]
[5.954059600830078, 1.0, 0.501457030191824]
[5.963438272476196, 1.0, 0.5014018049002464]
[5.973433971405029, 1.0, 0.5013473916247195]
[5.982250928878784, 1.0, 0.501293785118653]
[5.99101448059082, 1.0, 0.5012409800792363]
[6.000714540481567, 1.0, 0.5011889711495844]
[6.008555889129639, 1.0, 0.5011377511872334]
[6.017491579055786, 1.0, 0.5010873125230106]
[6.026132345199585, 1.0, 0.5010376514711873]
[6.039353132247925, 1.0, 0.5009887647598558]
[6.047336578369141, 1.0, 0.5009406467914436]
[6.055997848510742, 1.0, 0.5008932903226789]
[6.066608905792236, 1.0, 0.5008466876303209]
[6.077027082443237, 1.0, 0.5008008346820944]
[6.085678577423096, 1.0, 0.5007557263047265]
[6.094245195388794, 1.0, 0.5007113562657881]
[6.103240489959717, 1.0, 0.5006677193071881]
[6.112819671630859, 1.0, 0.5006248076926137]
[6.12152361869812, 1.0, 0.5005826156642722]
[6.130985736846924, 1.0, 0.5005411374349443]
[6.1398985385894775, 1.0, 0.5005003671898081]
[6.148518800735474, 1.0, 0.500460299088132]
[6.157591104507446, 1.0, 0.5004209272649417]
[6.168560266494751, 1.0, 0.5003822471450505]
[6.177053928375244, 1.0, 0.5003442544901628]
[6.185847759246826, 1.0, 0.5003069432596141]
[6.194882392883301, 1.0, 0.5002703061532944]
[6.206252336502075, 1.0, 0.500234336739599]
[6.219269514083862, 1.0, 0.5001990305968234]
[6.223320960998535, 1.0, 0.500164381629692]
[6.231599569320679, 1.0, 0.5001303825781049]
[6.241092920303345, 1.0, 0.5000970258599519]
[6.249840974807739, 1.0, 0.5000643054568573]
[6.259121894836426, 1.0, 0.5000322164333302]
[6.270039081573486, 1.0, 0.5000007530734145]
[6.281954526901245, 1.0, 0.49996990893115384]
[6.289189100265503, 1.0, 0.4999396792983254]
[6.298195123672485, 1.0, 0.4999100570288566]
[6.309986114501953, 1.0, 0.4998810347051206]
[6.317489147186279, 1.0, 0.4998526062835181]
[6.326172828674316, 1.0, 0.49982476572155715]
[6.336573600769043, 1.0, 0.49979750697909586]
[6.345155239105225, 1.0, 0.4997708249281166]
[6.354292869567871, 1.0, 0.4997447146897477]
[6.366230249404907, 1.0, 0.4997191701522918]
[6.379413604736328, 1.0, 0.4996941852126268]
[6.389262914657593, 1.0, 0.499669752944407]
[6.402548313140869, 1.0, 0.4996458670230277]
[6.41024374961853, 1.0, 0.49962252169374854]
[6.419395923614502, 1.0, 0.4995997098882419]
[6.4294939041137695, 1.0, 0.49957742639891967]
[6.448188304901123, 1.0, 0.4995556654912885]
[6.449797868728638, 1.0, 0.4995344191012667]
[6.459284543991089, 1.0, 0.4995136823123003]
[6.469015121459961, 1.0, 0.49949344933450196]
[6.480515956878662, 1.0, 0.4994737142731303]
[6.486453294754028, 1.0, 0.499454471250705]
[6.495732069015503, 1.0, 0.4994357144078256]
[6.504683494567871, 1.0, 0.4994174379039761]
[6.513568878173828, 1.0, 0.4993996359183105]
[6.522650241851807, 1.0, 0.49938230265041866]
[6.532841682434082, 1.0, 0.4993654323210732]
[6.5407538414001465, 1.0, 0.49934901973530194]
[6.553896903991699, 1.0, 0.499333059868724]
[6.564403533935547, 1.0, 0.4993175469494629]
[6.573300361633301, 1.0, 0.49930247471392725]
[6.586796045303345, 1.0, 0.49928783678915184]
[6.591278314590454, 1.0, 0.49927362868957137]
[6.60078763961792, 1.0, 0.499259844269557]
[6.610208988189697, 1.0, 0.4992464772930498]
[6.618585824966431, 1.0, 0.4992335222031643]
[6.627002477645874, 1.0, 0.4992209740588093]
[6.636386156082153, 1.0, 0.4992088271773085]
[6.650404214859009, 1.0, 0.4991970766127841]
[6.654247999191284, 1.0, 0.4991857164809979]
[6.663487195968628, 1.0, 0.49917474134508044]
[6.6736555099487305, 1.0, 0.4991641452951365]
[6.683011531829834, 1.0, 0.4991539233326304]
[6.700942277908325, 1.0, 0.49914407058022586]
[6.70351243019104, 1.0, 0.49913458137597405]
[6.711908340454102, 1.0, 0.499125450007906]
[6.7278454303741455, 1.0, 0.49911667125187226]
[6.731290102005005, 1.0, 0.49910823946302374]
[6.740996360778809, 1.0, 0.4991001493518955]
[6.750116348266602, 1.0, 0.49909239661954036]
[6.761866092681885, 1.0, 0.4990849763041938]
[6.768068790435791, 1.0, 0.49907788298911065]
[6.780625820159912, 1.0, 0.49907111165258666]
[6.7904675006866455, 1.0, 0.4990646575335452]
[6.7952492237091064, 1.0, 0.49905851574595017]
[6.804467439651489, 1.0, 0.4990526812769506]
[6.821483850479126, 1.0, 0.4990471495003411]
[6.8304359912872314, 1.0, 0.4990419155393867]
[6.8445658683776855, 1.0, 0.4990369745546009]
[6.8512537479400635, 1.0, 0.4990323217439672]
[6.8585288524627686, 1.0, 0.49902795234315095]
[6.867735147476196, 1.0, 0.499023861625699]
[6.875866889953613, 1.0, 0.4990200449032283]
[6.885141849517822, 1.0, 0.4990164975256032]
[6.893888235092163, 1.0, 0.49901321488110134]
[6.902710437774658, 1.0, 0.49901019228714794]
[6.911913871765137, 1.0, 0.4990074251775452]
[6.924074411392212, 1.0, 0.49900490911065903]
[6.930027723312378, 1.0, 0.4990026396030465]
[6.93919038772583, 1.0, 0.49900061228470594]
[6.949311017990112, 1.0, 0.4989988227552391]
[6.958345651626587, 1.0, 0.49899726671691036]
[6.9681642055511475, 1.0, 0.4989959398525787]
[6.978616714477539, 1.0, 0.49899483798155553]
[6.988829135894775, 1.0, 0.49899395688293263]
[6.998031377792358, 1.0, 0.4989932923753649]
[7.006156921386719, 1.0, 0.49899284029496693]
[7.014995574951172, 1.0, 0.4989925965181545]
[7.025647878646851, 1.0, 0.49899255700774076]
[7.034428596496582, 1.0, 0.4989927177598249]
[7.052829027175903, 1.0, 0.498993074796372]
[7.055532455444336, 1.0, 0.4989936241774046]
[7.063615083694458, 1.0, 0.49899436199218644]
[7.075117111206055, 1.0, 0.4989952844014419]
[7.085266351699829, 1.0, 0.4989963875881264]
[7.094275236129761, 1.0, 0.4989976677348593]
[7.104888200759888, 1.0, 0.4989991210967586]
[7.111196994781494, 1.0, 0.4990007439685297]
[7.120682954788208, 1.0, 0.4990025326844185]
[7.12897515296936, 1.0, 0.49900448367778055]
[7.13941502571106, 1.0, 0.4990065933790774]
[7.156951665878296, 1.0, 0.4990088582314844]
[7.160062551498413, 1.0, 0.49901127492751385]
[7.170480489730835, 1.0, 0.4990138400409166]
[7.179806709289551, 1.0, 0.4990165500188467]
[7.193089723587036, 1.0, 0.49901940146501744]
[7.197125196456909, 1.0, 0.499022391034704]
[7.210775136947632, 1.0, 0.4990255151964406]
[7.229687452316284, 1.0, 0.49902877067706825]
[7.2382941246032715, 1.0, 0.4990321543495783]
[7.248345613479614, 1.0, 0.49903566304841573]
[7.256434440612793, 1.0, 0.4990392935868499]
[7.267179489135742, 1.0, 0.49904304287839224]
[7.276493072509766, 1.0, 0.4990469076844269]
[7.286619186401367, 1.0, 0.4990508850894229]
[7.294259071350098, 1.0, 0.49905497225678613]
[7.303373098373413, 1.0, 0.4990591662201919]
[7.3133323192596436, 1.0, 0.4990634639106736]
[7.32210898399353, 1.0, 0.4990678623954825]
[7.331009387969971, 1.0, 0.4990723590060627]
[7.344433784484863, 1.0, 0.49907695077381364]
[7.352788925170898, 1.0, 0.49908163487304613]
[7.361395835876465, 1.0, 0.49908640875818144]
[7.3722710609436035, 1.0, 0.4990912693542593]
[7.3823065757751465, 1.0, 0.4990962139895825]
[7.391074895858765, 1.0, 0.4991012401917987]
[7.4059157371521, 1.0, 0.4991063454074836]
[7.4114532470703125, 1.0, 0.4991115270210555]
[7.420691967010498, 1.0, 0.4991167825519622]
[7.429698467254639, 1.0, 0.49912210945340163]
[7.439014196395874, 1.0, 0.49912750549435975]
[7.44804835319519, 1.0, 0.49913296824767]
[7.459723711013794, 1.0, 0.49913849532066673]
[7.465115785598755, 1.0, 0.4991440846262863]
[7.474773406982422, 1.0, 0.49914973392331385]
[7.490448474884033, 1.0, 0.49915544058574185]
[7.498000383377075, 1.0, 0.49916120232499145]
[7.509738922119141, 1.0, 0.4991670169178604]
[7.518267393112183, 1.0, 0.4991728821743701]
[7.5266687870025635, 1.0, 0.49917879593754794]
[7.537668466567993, 1.0, 0.49918475608320567]
[7.549197435379028, 1.0, 0.4991907605197159]
[7.5553367137908936, 1.0, 0.4991968071877862]
[7.564684152603149, 1.0, 0.49920289385867583]
[7.600811004638672, 1.0, 0.49920901847857263]
[7.601655960083008, 1.0, 0.4992151796553968]
[7.611482381820679, 1.0, 0.4992213755488217]
[7.622288942337036, 1.0, 0.4992276034065203]
[7.630482912063599, 1.0, 0.4992338615395858]
[7.644236087799072, 1.0, 0.49924014838450564]
[7.679084777832031, 1.0, 0.49924646213221485]
[7.679840087890625, 1.0, 0.49925280072725203]
[7.689865350723267, 1.0, 0.49925916270291404]
[7.702697515487671, 1.0, 0.49926554634002906]
[7.709084510803223, 1.0, 0.49927194994893537]
[7.737737417221069, 1.0, 0.499278371869222]
[7.7461535930633545, 1.0, 0.4992848102554187]
[7.757042646408081, 1.0, 0.4992912632281286]
[7.76507306098938, 1.0, 0.49929772943690603]
[7.778963088989258, 1.0, 0.4993042076224834]
[7.783374071121216, 1.0, 0.49931069637240166]
[7.792477130889893, 1.0, 0.49931719384023604]
[7.803798675537109, 1.0, 0.4993236988165813]
[7.812163829803467, 1.0, 0.49933020986587145]
[7.821109056472778, 1.0, 0.4993367255795624]
[7.8303632736206055, 1.0, 0.4993432443586766]
[7.839364290237427, 1.0, 0.49934976478488907]
[7.862316608428955, 1.0, 0.4993562858193347]
[7.8669915199279785, 1.0, 0.4993628064827184]
[7.875398874282837, 1.0, 0.4993693255955884]
[7.8927648067474365, 1.0, 0.4993758415063466]
[7.898465394973755, 1.0, 0.4993823530573041]
[7.904924631118774, 1.0, 0.4993888589753027]
[7.913333892822266, 1.0, 0.4993953580459189]
[7.9227001667022705, 1.0, 0.49940184890025674]
[7.931286573410034, 1.0, 0.49940833034740045]
[7.946051597595215, 1.0, 0.49941480135666677]
[7.954694747924805, 1.0, 0.4994212605691957]
[7.9703381061553955, 1.0, 0.49942770715405227]
[7.9737868309021, 1.0, 0.4994341401506672]
[7.986382722854614, 1.0, 0.4994405584856788]
[7.999017953872681, 1.0, 0.49944696124397137]
[8.007822751998901, 1.0, 0.49945334739754]
[8.024060726165771, 1.0, 0.4994597162885379]
[8.02683162689209, 1.0, 0.49946606650184283]
[8.03510856628418, 1.0, 0.49947239715066477]
[8.043717384338379, 1.0, 0.4994787075784953]
[8.0530424118042, 1.0, 0.4994849972105593]
[8.061545610427856, 1.0, 0.49949126493249085]
[8.077971935272217, 1.0, 0.4994975102115354]
[8.086613893508911, 1.0, 0.49950373204397497]
[8.095421552658081, 1.0, 0.499509929386696]
[8.104736089706421, 1.0, 0.4995161014957404]
[8.114132165908813, 1.0, 0.49952224764682296]
[8.122453927993774, 1.0, 0.4995283671350888]
[8.134316205978394, 1.0, 0.499534459478852]
[8.142342567443848, 1.0, 0.4995405240705897]
[8.150362014770508, 1.0, 0.4995465601918942]
[8.15913438796997, 1.0, 0.4995525672719697]
[8.170225143432617, 1.0, 0.4995585446297128]
[8.182461261749268, 1.0, 0.49956449192931385]
[8.191652536392212, 1.0, 0.4995704085838871]
[8.207083225250244, 1.0, 0.49957629382693947]
[8.20943546295166, 1.0, 0.4995821468531459]
[8.218373775482178, 1.0, 0.4995879673342825]
[8.230706214904785, 1.0, 0.49959375482045576]
[8.239271640777588, 1.0, 0.49959950875397047]
[8.256131649017334, 1.0, 0.49960522871731367]
[8.258187770843506, 1.0, 0.49961091418601267]
[8.271278858184814, 1.0, 0.49961656496351403]
[8.28157353401184, 1.0, 0.49962218061269326]
[8.292618036270142, 1.0, 0.49962776052479607]
[8.301408767700195, 1.0, 0.4996333042392456]
[8.31303858757019, 1.0, 0.49963881143019384]
[8.324526309967041, 1.0, 0.4996442816676489]
[8.329812288284302, 1.0, 0.4996497145944853]
[8.346948623657227, 1.0, 0.49965510992943407]
[8.356465101242065, 1.0, 0.49966046728679225]
[8.3668053150177, 1.0, 0.4996657865894007]
[8.376253128051758, 1.0, 0.4996710675318687]
[8.385183572769165, 1.0, 0.4996763094123219]
[8.39415454864502, 1.0, 0.4996815119652595]
[8.402963161468506, 1.0, 0.49968667510986686]
[8.412588596343994, 1.0, 0.4996917986550962]
[8.427286148071289, 1.0, 0.49969688214051533]
[8.43014407157898, 1.0, 0.4997019253499171]
[8.439242601394653, 1.0, 0.499706928079334]
[8.451642751693726, 1.0, 0.49971189013683814]
[8.460018634796143, 1.0, 0.49971681150774383]
[8.476773738861084, 1.0, 0.49972169201731476]
[8.485084056854248, 1.0, 0.49972653155786695]
[8.494668960571289, 1.0, 0.49973132992582475]
[8.504311561584473, 1.0, 0.4997360871933724]
[8.512524843215942, 1.0, 0.4997408032262578]
[8.521758079528809, 1.0, 0.4997454779010422]
[8.530649900436401, 1.0, 0.49975011110490175]
[8.540493488311768, 1.0, 0.4997547027354411]
[8.549107789993286, 1.0, 0.49975925254745446]
[8.564354419708252, 1.0, 0.49976376041442466]
[8.567614078521729, 1.0, 0.4997682264686197]
[8.581747770309448, 1.0, 0.4997726506474481]
[8.588462591171265, 1.0, 0.49977703297079545]
[8.595550298690796, 1.0, 0.4997813731511845]
[8.609389305114746, 1.0, 0.4997856711821501]
[8.617833614349365, 1.0, 0.49978992699612185]
[8.626763343811035, 1.0, 0.4997941405805145]
[8.636802434921265, 1.0, 0.4997983119795973]
[8.65290093421936, 1.0, 0.49980244101383925]
[8.65978455543518, 1.0, 0.49980652783913687]
[8.676942825317383, 1.0, 0.49981057252172184]
[8.678357601165771, 1.0, 0.49981457504667354]
[8.693360090255737, 1.0, 0.49981853549503263]
[8.700155258178711, 1.0, 0.4998224538681292]
[8.714491367340088, 1.0, 0.49982633039178315]
[8.723082065582275, 1.0, 0.499830165120853]
[8.730974674224854, 1.0, 0.49983395798957897]
[8.739262580871582, 1.0, 0.499837709029966]
[8.751636028289795, 1.0, 0.4998414184887856]
[8.7610023021698, 1.0, 0.49984508644871145]
[8.778482675552368, 1.0, 0.49984871299901773]
[8.780431985855103, 1.0, 0.4998522982953334]
[8.788761138916016, 1.0, 0.4998558422798506]
[8.796743869781494, 1.0, 0.499859345004868]
[8.805893898010254, 1.0, 0.4998628067442528]
[8.821724653244019, 1.0, 0.4998662276180168]
[8.824823141098022, 1.0, 0.49986960748555914]
[8.83346962928772, 1.0, 0.49987294648782227]
[8.846167087554932, 1.0, 0.49987624476991555]
[8.854871034622192, 1.0, 0.4998795024821484]
[8.870274066925049, 1.0, 0.49988271977989795]
[8.875241994857788, 1.0, 0.49988589693072144]
[8.884192705154419, 1.0, 0.49988903423677117]
[8.895399808883667, 1.0, 0.4998921316154992]
[8.902989387512207, 1.0, 0.4998951893456491]
[8.913260221481323, 1.0, 0.4998982077379667]
[8.923601388931274, 1.0, 0.4999011868672527]
[8.939499378204346, 1.0, 0.4999041267847257]
[8.943373680114746, 1.0, 0.4999070277798933]
[8.951056003570557, 1.0, 0.49990989007665526]
[8.96787691116333, 1.0, 0.4999127138387785]
[8.97164511680603, 1.0, 0.4999154993911306]
[8.987826108932495, 1.0, 0.4999182467159562]
[8.991374015808105, 1.0, 0.4999209560244136]
[8.999590396881104, 1.0, 0.4999236276203999]
[9.011456489562988, 1.0, 0.49992626174698396]
[9.01944375038147, 1.0, 0.4999288585913304]
[9.028397560119629, 1.0, 0.49993141840204475]
[9.042160749435425, 1.0, 0.49993394128788826]
[9.04634404182434, 1.0, 0.4999364275619231]
[9.055572748184204, 1.0, 0.49993887756314637]
[9.075141906738281, 1.0, 0.49994129151928157]
[9.078455209732056, 1.0, 0.49994366978240296]
[9.087574243545532, 1.0, 0.4999460126216691]
[9.099961519241333, 1.0, 0.49994832012271256]
[9.113480806350708, 1.0, 0.49995059250943874]
[9.123001098632812, 1.0, 0.4999528299462324]
[9.131637811660767, 1.0, 0.4999550325788423]
[9.149869441986084, 1.0, 0.4999572007312278]
[9.161892652511597, 1.0, 0.4999593346771349]
[9.174510955810547, 1.0, 0.499961434643847]
[9.179139137268066, 1.0, 0.49996350108400167]
[9.188373565673828, 1.0, 0.4999655342808947]
[9.19752550125122, 1.0, 0.49996753428978535]
[9.207172393798828, 1.0, 0.4999695012673008]
[9.218272686004639, 1.0, 0.4999714354756643]
[9.22783899307251, 1.0, 0.4999733372428873]
[9.23339319229126, 1.0, 0.49997520694744096]
[9.242945671081543, 1.0, 0.49997704468257403]
[9.251963138580322, 1.0, 0.49997885076607373]
[9.26086711883545, 1.0, 0.49998062554400197]
[9.270062685012817, 1.0, 0.4999823692801628]
[9.278584241867065, 1.0, 0.4999840822393265]
[9.289046287536621, 1.0, 0.49998576468715394]
[9.29640007019043, 1.0, 0.49998741689012655]
[9.306380271911621, 1.0, 0.49998903906040393]
[9.323429584503174, 1.0, 0.49999063139584476]
[9.333004236221313, 1.0, 0.499992194169788]
[9.341769933700562, 1.0, 0.49999372765603267]
[9.351651191711426, 1.0, 0.49999523212877506]
[9.359171628952026, 1.0, 0.4999967078625465]
[9.36808180809021, 1.0, 0.4999981551813437]
[9.382339477539062, 1.0, 0.49999957442270737]
[9.390503644943237, 1.0, 0.5000009658100918]
[9.399758338928223, 1.0, 0.5000023296007156]
[9.409513711929321, 1.0, 0.5000036660833999]
[9.432461500167847, 1.0, 0.5000049754715242]
[9.442440271377563, 1.0, 0.5000062580840351]
[9.458397388458252, 1.0, 0.5000075142515323]
[9.466858386993408, 1.0, 0.5000087442031149]
[9.47580885887146, 1.0, 0.5000099481974605]
[9.48661756515503, 1.0, 0.500011126561148]
[9.494687795639038, 1.0, 0.5000122795645506]
[9.503809452056885, 1.0, 0.5000134074777521]
[9.512717008590698, 1.0, 0.5000145105704965]
[9.52229928970337, 1.0, 0.5000155890753716]
[9.54664134979248, 1.0, 0.5000166432146793]
[9.557082414627075, 1.0, 0.500017673295557]
[9.570444107055664, 1.0, 0.5000186795996061]
[9.579106092453003, 1.0, 0.5000196623841884]
[9.591429948806763, 1.0, 0.5000206219619021]
[9.600794315338135, 1.0, 0.5000215585988084]
[9.609432697296143, 1.0, 0.5000224725290632]
[9.622533798217773, 1.0, 0.5000233640082558]
[9.626692533493042, 1.0, 0.5000242333419855]
[9.639739036560059, 1.0, 0.5000250807643459]
[9.669339179992676, 1.0, 0.5000259065291618]
[9.681593894958496, 1.0, 0.500026710908985]
[9.695575475692749, 1.0, 0.500027494156267]
[9.707369804382324, 1.0, 0.5000282565672838]
[9.714578628540039, 1.0, 0.5000289983751354]
[9.725325584411621, 1.0, 0.5000297198299549]
[9.736453771591187, 1.0, 0.5000304211981191]
[9.743776559829712, 1.0, 0.5000311027280395]
[9.75287914276123, 1.0, 0.5000317647061411]
[9.769636154174805, 1.0, 0.500032407363516]
[9.782644033432007, 1.0, 0.5000330309243429]
[9.797850608825684, 1.0, 0.5000336356419232]
[9.806266069412231, 1.0, 0.5000342217884484]
[9.821520805358887, 1.0, 0.5000347896400502]
[9.830125093460083, 1.0, 0.5000353394438236]
[9.849117279052734, 1.0, 0.5000358714272557]
[9.857539415359497, 1.0, 0.5000363858118021]
[9.866697311401367, 1.0, 0.5000368828428333]
[9.875722646713257, 1.0, 0.5000373627808823]
[9.88757586479187, 1.0, 0.5000378258974134]
[9.894233226776123, 1.0, 0.500038272404884]
[9.903456211090088, 1.0, 0.500038702559589]
[9.913022994995117, 1.0, 0.5000391165833825]
[9.92137336730957, 1.0, 0.500039514706845]
[9.934134483337402, 1.0, 0.5000398971691362]
[9.942477941513062, 1.0, 0.5000402641981848]
[9.95134449005127, 1.0, 0.5000406160297655]
[9.9607994556427, 1.0, 0.500040952877353]
[9.96969199180603, 1.0, 0.5000412749698803]
[9.978654146194458, 1.0, 0.5000415825346853]
[9.9878830909729, 1.0, 0.5000418757974971]
[9.999321699142456, 1.0, 0.5000421549921986]
[10.010267972946167, 1.0, 0.5000424203441002]
