[0.0, 0.1, -0.1, 0.0]
[0.20855140686035156, 0.2, 0.008551406860351551, 0.0]
[0.2739713191986084, 0.30000000000000004, -0.026028680801391646, 0.004666666666666667]
[0.36391401290893555, 0.4, -0.036085987091064475, 0.01748625]
[0.45401573181152344, 0.5, -0.04598426818847656, 0.03684112621296296]
[0.5579752922058105, 0.6000000000000001, -0.04202470779418954, 0.06130836184497762]
[0.6479806900024414, 0.7000000000000001, -0.05201930999755866, 0.08951145475204687]
[0.7397041320800781, 0.8, -0.06029586791992192, 0.1203091177617111]
[0.8277993202209473, 0.9, -0.07220067977905276, 0.15270145105096208]
[0.9178075790405273, 1.0, -0.08219242095947266, 0.1857185588041571]
[1.0079596042633057, 1.1, -0.09204039573669442, 0.21865377480508685]
[1.0982370376586914, 1.2000000000000002, -0.10176296234130877, 0.2510351090191083]
[1.1878838539123535, 1.3, -0.11211614608764653, 0.2823859782761685]
[1.2778620719909668, 1.4000000000000001, -0.12213792800903334, 0.3123009903887963]
[1.3682687282562256, 1.5, -0.13173127174377441, 0.3406015371193754]
[1.4579179286956787, 1.6, -0.14208207130432138, 0.36704673934486165]
[1.5479004383087158, 1.7000000000000002, -0.15209956169128436, 0.39147002461281843]
[1.6380362510681152, 1.8, -0.1619637489318848, 0.4137690738714253]
[1.7282450199127197, 1.9000000000000001, -0.1717549800872804, 0.4338226051413224]
[1.818256139755249, 2.0, -0.18174386024475098, 0.45156928636019866]
[1.9082882404327393, 2.1, -0.19171175956726083, 0.4670911380130399]
[2.0023906230926514, 2.2, -0.1976093769073488, 0.4804960397969504]
[2.0882744789123535, 2.3000000000000003, -0.21172552108764675, 0.49191133277570553]
[2.1781492233276367, 2.4000000000000004, -0.22185077667236364, 0.5015161645690872]
[2.2680397033691406, 2.5, -0.23196029663085938, 0.5094895033394232]
[2.359316349029541, 2.6, -0.24068365097045907, 0.5159333747678185]
[2.4505417346954346, 2.7, -0.2494582653045656, 0.520984209102519]
[2.5507445335388184, 2.8000000000000003, -0.2492554664611819, 0.5248133826632666]
[2.652491807937622, 2.9000000000000004, -0.24750819206237828, 0.5275430511074467]
[2.752904176712036, 3.0, -0.24709582328796387, 0.529306279605937]
[2.8519272804260254, 3.1, -0.2480727195739747, 0.5302411148429513]
[2.951932191848755, 3.2, -0.2480678081512453, 0.5304683631867282]
[3.0897717475891113, 3.3000000000000003, -0.21022825241088894, 0.5301079359803346]
[3.213404893875122, 3.4000000000000004, -0.18659510612487828, 0.5292655782085747]
[3.387424945831299, 3.5, -0.11257505416870117, 0.528037951350554]
[3.5105371475219727, 3.6, -0.08946285247802743, 0.5265101860313429]
[3.6165363788604736, 3.7, -0.08346362113952654, 0.5247599537454206]
[3.7105114459991455, 3.8000000000000003, -0.08948855400085476, 0.5228617868709134]
[3.8564980030059814, 3.9000000000000004, -0.04350199699401891, 0.5208752469942459]
[3.9660861492156982, 4.0, -0.03391385078430176, 0.5188443744325104]
[4.020517110824585, 4.1000000000000005, -0.07948288917541557, 0.5168199717580324]
[4.125035524368286, 4.2, -0.07496447563171404, 0.5148381864256284]
[4.225845575332642, 4.3, -0.07415442466735822, 0.5129200470279642]
[4.326060771942139, 4.4, -0.07393922805786168, 0.5110959173598556]
[4.425750255584717, 4.5, -0.0742497444152832, 0.5093836714602179]
[4.5257415771484375, 4.6000000000000005, -0.07425842285156303, 0.5077883303840133]
[4.6260082721710205, 4.7, -0.07399172782897967, 0.5063244667988074]
[4.7258076667785645, 4.800000000000001, -0.07419233322143626, 0.5049970850420433]
[4.830715656280518, 4.9, -0.06928434371948278, 0.5038057889570623]
[4.930552244186401, 5.0, -0.06944775581359863, 0.5027498341744652]
