[0.0, 1.0, 0.0]
[0.5, 1.0, 0.08846649078581872]
[1.0, 1.0, 0.24583700700023742]
[1.5, 1.0, 0.3808225903776075]
[2.0, 1.0, 0.4666296625931756]
[2.5, 1.0, 0.5083181437272501]
[3.0, 1.0, 0.5211314363112843]
[3.5, 1.0, 0.5194356386345882]
[4.0, 1.0, 0.5129166108679077]
[4.5, 1.0, 0.5066005542496609]
[5.0, 1.0, 0.5022749400837604]
[5.5, 1.0, 0.49999360532917464]
[6.0, 1.0, 0.499156288793175]
[6.5, 1.0, 0.4991041700334097]
[7.0, 1.0, 0.4993567179497454]
[7.5, 1.0, 0.49964474414860555]
[8.0, 1.0, 0.49985845855317607]
[8.5, 1.0, 0.4999800117547414]
[9.0, 1.0, 0.5000307914727963]
[9.5, 1.0, 0.5000401326797446]
[10.0, 1.0, 0.5000313961543548]