[9.5367431640625e-07, 1.0, 0.0]
[0.0048732757568359375, 1.0, 4.966666666666666e-05]
[0.014401912689208984, 1.0, 0.00019735076680555555]
[0.02652740478515625, 1.0, 0.0004410894139480801]
[0.035271406173706055, 1.0, 0.0007789451566297858]
[0.044013261795043945, 1.0, 0.0012090079591303418]
[0.05317282676696777, 1.0, 0.0017293806145137047]
[0.07215499877929688, 1.0, 0.0023381853185841977]
[0.07663488388061523, 1.0, 0.003033589505242732]
[0.08555173873901367, 1.0, 0.0038137634020470237]
[0.09785270690917969, 1.0, 0.004676797864512874]
[0.10542702674865723, 1.0, 0.005620912721869164]
[0.11766552925109863, 1.0, 0.006644361716556197]
[0.12900567054748535, 1.0, 0.007745383127509134]
[0.13866591453552246, 1.0, 0.008922197796544889]
[0.14815855026245117, 1.0, 0.010173071841546501]
[0.15852832794189453, 1.0, 0.01149635025686541]
[0.16894197463989258, 1.0, 0.012890348137811355]
[0.18126964569091797, 1.0, 0.01435335322469882]
[0.18767905235290527, 1.0, 0.015883705300194426]
[0.19496893882751465, 1.0, 0.01747978771673975]
[0.20597386360168457, 1.0, 0.01913997689184377]
[0.21326994895935059, 1.0, 0.02086283038578735]
[0.22271990776062012, 1.0, 0.022646802177619805]
[0.23162007331848145, 1.0, 0.02449024148202783]
[0.2449512481689453, 1.0, 0.026391605235854466]
[0.2495713233947754, 1.0, 0.028349378634896942]
[0.25855135917663574, 1.0, 0.030362065474212784]
[0.2739419937133789, 1.0, 0.03242812098977016]
[0.27762269973754883, 1.0, 0.03454606649217298]
[0.2886664867401123, 1.0, 0.036714550782008734]
[0.2985832691192627, 1.0, 0.03893198582580241]
[0.3055686950683594, 1.0, 0.041197041370272545]
[0.3153083324432373, 1.0, 0.04350835228948804]
[0.3261256217956543, 1.0, 0.04586452851014751]
[0.3356621265411377, 1.0, 0.04826432073353153]
[0.34546947479248047, 1.0, 0.050706316656886935]
[0.35620546340942383, 1.0, 0.05318909716669235]
[0.3633077144622803, 1.0, 0.05571136597216062]
[0.3715667724609375, 1.0, 0.05827192861409528]
[0.38405323028564453, 1.0, 0.060869633970653536]
[0.39005374908447266, 1.0, 0.06350323775762769]
[0.40148115158081055, 1.0, 0.06617151304099557]
[0.41164326667785645, 1.0, 0.06887325013343228]
[0.4202454090118408, 1.0, 0.07160725649489837]
[0.43053460121154785, 1.0, 0.0743722654982409]
[0.4383416175842285, 1.0, 0.07716699997410091]
[0.4479103088378906, 1.0, 0.07999032005655872]
[0.4563610553741455, 1.0, 0.08284119681884435]
[0.4655933380126953, 1.0, 0.0857186462862461]
[0.4757344722747803, 1.0, 0.08862148059095123]
[0.4895808696746826, 1.0, 0.09154859635924309]
[0.49301934242248535, 1.0, 0.09449883720230147]
[0.5015890598297119, 1.0, 0.09747126198655053]
[0.5134022235870361, 1.0, 0.10046484421959381]
[0.5250422954559326, 1.0, 0.1034787051981512]
[0.5371232032775879, 1.0, 0.10651184964821023]
[0.5438222885131836, 1.0, 0.10956316542668058]
[0.5612783432006836, 1.0, 0.11263172217766758]
[0.56903076171875, 1.0, 0.11571654195342687]
[0.5875823497772217, 1.0, 0.11881682761277185]
[0.5886168479919434, 1.0, 0.12193171173705483]
[0.6015498638153076, 1.0, 0.12506015394902834]
[0.6103839874267578, 1.0, 0.12820121868931905]
[0.6226027011871338, 1.0, 0.1313541720002752]
[0.6276130676269531, 1.0, 0.13451831195701808]
[0.6402807235717773, 1.0, 0.137692842676191]
[0.6456429958343506, 1.0, 0.14087674278546847]
[0.6551713943481445, 1.0, 0.14406917988192885]
[0.6719517707824707, 1.0, 0.14726935408969813]
[0.6783745288848877, 1.0, 0.15047647971920594]
[0.688401460647583, 1.0, 0.15368978514486306]
[0.6990377902984619, 1.0, 0.15690840557127816]
[0.7078895568847656, 1.0, 0.16013156603924242]
[0.7168939113616943, 1.0, 0.163358572031836]
[0.7319679260253906, 1.0, 0.16658867569870772]
[0.7411317825317383, 1.0, 0.16982131736265862]
[0.7495930194854736, 1.0, 0.17305580707143436]
[0.7681481838226318, 1.0, 0.17629146807289348]
[0.7768263816833496, 1.0, 0.17952763668251168]
[0.7872250080108643, 1.0, 0.182763662157988]
[0.7947084903717041, 1.0, 0.18599906730345986]
[0.8040881156921387, 1.0, 0.18923327548113258]
[0.8133115768432617, 1.0, 0.19246547564606767]
[0.8217740058898926, 1.0, 0.1956950489501279]
[0.8313183784484863, 1.0, 0.19892140755641255]
[0.8411428928375244, 1.0, 0.20214397581578675]
[0.8501400947570801, 1.0, 0.20536219014226947]
[0.8595736026763916, 1.0, 0.20857539161374847]
[0.8681998252868652, 1.0, 0.21178300925628993]
[0.8775322437286377, 1.0, 0.2149845513172966]
[0.8868625164031982, 1.0, 0.2181793634005207]
[0.9189565181732178, 1.0, 0.2213670521758293]
[0.928598165512085, 1.0, 0.22454716001954228]
[0.9367597103118896, 1.0, 0.22771917328668162]
[0.9488179683685303, 1.0, 0.23088276220305126]
[0.9601984024047852, 1.0, 0.2340373604681681]
[0.9668397903442383, 1.0, 0.23718248744797077]
[0.9857008457183838, 1.0, 0.24031773985680493]
[0.990983247756958, 1.0, 0.24344265844580526]
[0.9994044303894043, 1.0, 0.24655686074847405]
[1.009413480758667, 1.0, 0.24965980462749068]
[1.018526315689087, 1.0, 0.25275120122696887]
[1.030104398727417, 1.0, 0.2558308013712541]
[1.039301872253418, 1.0, 0.2588982271115138]
[1.0540390014648438, 1.0, 0.26195300809623967]
[1.0621726512908936, 1.0, 0.26499475625988606]
[1.0722861289978027, 1.0, 0.2680232594151473]
[1.080517053604126, 1.0, 0.27103817819755477]
[1.0947601795196533, 1.0, 0.2740390821110096]
[1.0995604991912842, 1.0, 0.2770255211958343]
[1.1083614826202393, 1.0, 0.2799972890437637]
[1.119277000427246, 1.0, 0.28295421661004816]
[1.1276066303253174, 1.0, 0.28589591148851495]
[1.1421830654144287, 1.0, 0.2888220600051524]
[1.145683765411377, 1.0, 0.2917325174319323]
[1.1556456089019775, 1.0, 0.2946270158482815]
[1.1657204627990723, 1.0, 0.2975052957652133]
[1.190629005432129, 1.0, 0.30036710600450894]
[1.1924498081207275, 1.0, 0.30321225059703394]
[1.2025697231292725, 1.0, 0.3060404630095256]
[1.222961664199829, 1.0, 0.3088514996929773]
[1.2301506996154785, 1.0, 0.3116450478945207]
[1.2402894496917725, 1.0, 0.31442077599413604]
[1.248655080795288, 1.0, 0.31717857848191666]
[1.257415771484375, 1.0, 0.3199183835782565]
[1.270678997039795, 1.0, 0.32264000247583485]
[1.2826485633850098, 1.0, 0.3253432536848107]
[1.2984530925750732, 1.0, 0.3280279629188149]
[1.3032515048980713, 1.0, 0.3306939629878966]
[1.3145639896392822, 1.0, 0.33334109369216824]
[1.3235974311828613, 1.0, 0.3359692017161567]
[1.333928108215332, 1.0, 0.33857805292026677]
[1.3421134948730469, 1.0, 0.34116748201541985]
[1.3570857048034668, 1.0, 0.34373747275034344]
[1.3676486015319824, 1.0, 0.34628789825953044]
[1.3760066032409668, 1.0, 0.34881855303617576]
[1.384462594985962, 1.0, 0.3513292138214979]
[1.3936479091644287, 1.0, 0.3538198616466226]
[1.4066252708435059, 1.0, 0.356290507168889]
[1.4147374629974365, 1.0, 0.35874105427612485]
[1.4318785667419434, 1.0, 0.3611714127300367]
[1.4456357955932617, 1.0, 0.3635814170511328]
[1.4549016952514648, 1.0, 0.3659709649309235]
[1.4635767936706543, 1.0, 0.36834001173379355]
[1.4723060131072998, 1.0, 0.3706884665651816]
[1.485295057296753, 1.0, 0.3730162951768633]
[1.4941771030426025, 1.0, 0.37532341771973116]
[1.505272626876831, 1.0, 0.37760980995476123]
[1.5167961120605469, 1.0, 0.37987540271020864]
[1.5251333713531494, 1.0, 0.38212025690471624]
[1.5347793102264404, 1.0, 0.38434426077413564]
[1.5441763401031494, 1.0, 0.38654736050714433]
[1.5606255531311035, 1.0, 0.3887295552967373]
[1.563976526260376, 1.0, 0.39089072837008265]
[1.5769009590148926, 1.0, 0.39303093858774557]
[1.5862469673156738, 1.0, 0.3951502694442094]
[1.595045804977417, 1.0, 0.3972487116249113]
[1.6081109046936035, 1.0, 0.39932626013912736]
[1.6130483150482178, 1.0, 0.4013829142311919]
[1.6220202445983887, 1.0, 0.40341867729742]
[1.6312532424926758, 1.0, 0.4054335568038404]
[1.6404705047607422, 1.0, 0.40742756420473913]
[1.6489639282226562, 1.0, 0.4094007148620141]
[1.660160779953003, 1.0, 0.4113530279653414]
[1.6680231094360352, 1.0, 0.41328443963013806]
[1.6772079467773438, 1.0, 0.415195065016198]
[1.6857647895812988, 1.0, 0.4170849343041592]
[1.6946115493774414, 1.0, 0.41895408119566174]
[1.705855369567871, 1.0, 0.4208025428331097]
[1.7134382724761963, 1.0, 0.4226303597246994]
[1.7222590446472168, 1.0, 0.42443751474302444]
[1.732248067855835, 1.0, 0.4262239769825714]
[1.7404072284698486, 1.0, 0.4279898009714885]
[1.7493624687194824, 1.0, 0.42973504424821346]
[1.7585887908935547, 1.0, 0.4314598254659308]
[1.7672338485717773, 1.0, 0.4331642248572595]
[1.7772223949432373, 1.0, 0.43484828765870975]
[1.7864317893981934, 1.0, 0.43651209926825224]
[1.795964241027832, 1.0, 0.4381557108126208]
[1.8079040050506592, 1.0, 0.4397792125863093]
[1.8144798278808594, 1.0, 0.44138266133649817]
[1.8233184814453125, 1.0, 0.44296615199246103]
[1.8329274654388428, 1.0, 0.44452969387513797]
[1.8421375751495361, 1.0, 0.44607342309211623]
[1.850531816482544, 1.0, 0.44759744103520754]
[1.8624820709228516, 1.0, 0.4491018173510211]
[1.8731279373168945, 1.0, 0.4505867075867356]
[1.8817946910858154, 1.0, 0.4520522006687275]
[1.897883653640747, 1.0, 0.45349838761985406]
[1.906346321105957, 1.0, 0.4549253132906052]
[1.9205057621002197, 1.0, 0.45633305872054225]
[1.9241602420806885, 1.0, 0.4577218561334563]
[1.9326159954071045, 1.0, 0.4590918723555744]
[1.9423277378082275, 1.0, 0.46044315702526195]
[1.9547607898712158, 1.0, 0.4617757264304343]
[1.9596772193908691, 1.0, 0.4630896766465801]
[1.9800159931182861, 1.0, 0.4643851134141276]
[1.9850122928619385, 1.0, 0.4656621655219784]
[1.993133783340454, 1.0, 0.4669209273908895]
[2.007920026779175, 1.0, 0.4681615017783795]
[2.010596990585327, 1.0, 0.46938406298797886]
[2.020437240600586, 1.0, 0.47058874279286583]
[2.0315792560577393, 1.0, 0.4717755787301613]
[2.040769577026367, 1.0, 0.47294467944564983]
[2.0540571212768555, 1.0, 0.47409616198843335]
[2.0586705207824707, 1.0, 0.4752301445954384]
[2.069255828857422, 1.0, 0.4763467466450155]
[2.0792582035064697, 1.0, 0.47744605139080243]
[2.0877954959869385, 1.0, 0.4785281695527607]
[2.0970261096954346, 1.0, 0.4795932733855552]
[2.1073358058929443, 1.0, 0.4806414863600515]
[2.12404203414917, 1.0, 0.4816728979271054]
[2.126476526260376, 1.0, 0.4826875888308502]
[2.135221481323242, 1.0, 0.4836857218717433]
[2.148249864578247, 1.0, 0.48466746985521186]
[2.1564855575561523, 1.0, 0.4856329603904556]
[2.1675198078155518, 1.0, 0.486582289617149]
[2.176844358444214, 1.0, 0.4875155455438365]
[2.185828685760498, 1.0, 0.4884328605005067]
[2.194988965988159, 1.0, 0.4893343673625255]
[2.2184808254241943, 1.0, 0.49022019951381285]
[2.222055435180664, 1.0, 0.49109052033813616]
[2.2312660217285156, 1.0, 0.49194547269772826]
[2.2424118518829346, 1.0, 0.4927851803330558]
[2.2507405281066895, 1.0, 0.49360977695946406]
[2.259553909301758, 1.0, 0.49441939693782716]
[2.2701668739318848, 1.0, 0.49521421123214615]
[2.2787630558013916, 1.0, 0.4959943269335495]
[2.2909793853759766, 1.0, 0.4967598702184714]
[2.3048501014709473, 1.0, 0.4975109850788451]
[2.3130087852478027, 1.0, 0.4982477984248032]
[2.3281872272491455, 1.0, 0.4989704788528512]
[2.331160306930542, 1.0, 0.49967916100952764]
[2.3556458950042725, 1.0, 0.5003739560459223]
[2.365233898162842, 1.0, 0.5010549688155709]
[2.3737857341766357, 1.0, 0.5017223590938128]
[2.3860602378845215, 1.0, 0.5023762927875471]
[2.4010746479034424, 1.0, 0.5030169048641299]
[2.4053280353546143, 1.0, 0.5036443409586846]
[2.412182092666626, 1.0, 0.5042587078820735]
[2.4215478897094727, 1.0, 0.5048601101537368]
[2.4327683448791504, 1.0, 0.5054487045276025]
[2.438784599304199, 1.0, 0.5060246529915571]
[2.4493913650512695, 1.0, 0.5065880900229589]
[2.46423602104187, 1.0, 0.5071391499350517]
[2.473179817199707, 1.0, 0.5076779668522451]
[2.523468017578125, 1.0, 0.5082046746872687]
[2.523864984512329, 1.0, 0.5087194338800575]
[2.5245778560638428, 1.0, 0.5092224121048715]
[2.52581787109375, 1.0, 0.5097136856082328]
[2.5351686477661133, 1.0, 0.5101933649009693]
[2.5505151748657227, 1.0, 0.5106615777771507]
[2.5584025382995605, 1.0, 0.5111184783231599]
[2.574622392654419, 1.0, 0.5115641983807986]
[2.630868434906006, 1.0, 0.5119988545584127]
[2.632507801055908, 1.0, 0.5124225736132649]
[2.6412084102630615, 1.0, 0.5128354869246247]
[2.6502811908721924, 1.0, 0.5132377442152966]
[2.660104513168335, 1.0, 0.5136294752488588]
[2.675053119659424, 1.0, 0.5140108093239546]
[2.678029775619507, 1.0, 0.5143818752568646]
[2.686769962310791, 1.0, 0.5147428013654809]
[2.6957128047943115, 1.0, 0.5150937154536939]
[2.7047119140625, 1.0, 0.5154347447961883]
[2.7137832641601562, 1.0, 0.5157660161236427]
[2.7236506938934326, 1.0, 0.5160876556083268]
[2.73169207572937, 1.0, 0.5163997888500936]
[2.74263858795166, 1.0, 0.5167025408627592]
[2.750556468963623, 1.0, 0.5169960360608669]
[2.7612690925598145, 1.0, 0.5172803884636561]
[2.7773499488830566, 1.0, 0.5175557089307901]
[2.7857184410095215, 1.0, 0.5178221211449682]
[2.7893292903900146, 1.0, 0.5180797569929037]
[2.802044630050659, 1.0, 0.5183287413709587]
[2.8108770847320557, 1.0, 0.518569192334689]
[2.8204727172851562, 1.0, 0.5188012412247515]
[2.8293237686157227, 1.0, 0.5190249994771303]
[2.8412814140319824, 1.0, 0.5192405833162229]
[2.8465332984924316, 1.0, 0.5194481208338766]
[2.85935640335083, 1.0, 0.5196477221452261]
[2.8715250492095947, 1.0, 0.5198395015458759]
[2.879362106323242, 1.0, 0.5200235838431309]
[2.8945112228393555, 1.0, 0.5202000838514356]
[2.9010746479034424, 1.0, 0.5203691097473291]
[2.909022092819214, 1.0, 0.5205307674859726]
[2.918884515762329, 1.0, 0.5206851758188988]
[2.927438974380493, 1.0, 0.5208324540197813]
[2.9368045330047607, 1.0, 0.5209727130482985]
[2.945922613143921, 1.0, 0.5211060583984275]
[2.9548966884613037, 1.0, 0.5212325980853125]
[2.9643666744232178, 1.0, 0.521352446924297]
[2.973423480987549, 1.0, 0.5214657126733688]
[2.989938497543335, 1.0, 0.5215725022766263]
[2.9995269775390625, 1.0, 0.5216729218587899]
[3.0120060443878174, 1.0, 0.5217670767202914]
[3.01723051071167, 1.0, 0.5218550729728099]
[3.025874376296997, 1.0, 0.5219370060745165]
[3.0359840393066406, 1.0, 0.5220129816201604]
[3.0441458225250244, 1.0, 0.5220831029547077]
[3.054352283477783, 1.0, 0.5221474704554262]
[3.062000036239624, 1.0, 0.5222061856242819]
[3.071415424346924, 1.0, 0.522259347249672]
[3.0817553997039795, 1.0, 0.5223070549828119]
[3.0889241695404053, 1.0, 0.5223494060077163]
[3.098465919494629, 1.0, 0.5223864995305738]
[3.117406129837036, 1.0, 0.5224184315271367]
[3.129215717315674, 1.0, 0.5224452989514606]
[3.1435816287994385, 1.0, 0.5224671965220564]
[3.148089647293091, 1.0, 0.522484214217737]
[3.156956195831299, 1.0, 0.5224964455697275]
[3.1671319007873535, 1.0, 0.5225039818096805]
[3.175408124923706, 1.0, 0.5225069135873279]
[3.195091962814331, 1.0, 0.5225053313432587]
[3.198300361633301, 1.0, 0.5224993241003033]
[3.2251758575439453, 1.0, 0.5224889800079994]
[3.2269508838653564, 1.0, 0.5224743863422728]
[3.236757516860962, 1.0, 0.5224556295053254]
[3.2509546279907227, 1.0, 0.5224327950256974]
[3.2590959072113037, 1.0, 0.522405967558502]
[3.269148588180542, 1.0, 0.5223752308858279]
[3.278289318084717, 1.0, 0.5223406679173073]
[3.292565107345581, 1.0, 0.5223023606908447]
[3.2975192070007324, 1.0, 0.522260390373505]
[3.3072378635406494, 1.0, 0.5222148386615663]
[3.31583833694458, 1.0, 0.5221657869081684]
[3.328505754470825, 1.0, 0.5221133138814446]
[3.3373374938964844, 1.0, 0.5220574957237992]
[3.3482275009155273, 1.0, 0.5219984070837212]
[3.360008955001831, 1.0, 0.5219361239324999]
[3.366137742996216, 1.0, 0.5218707260569835]
[3.3747243881225586, 1.0, 0.5218022856603043]
[3.384359836578369, 1.0, 0.5217308733654669]
[3.3980908393859863, 1.0, 0.5216565640965245]
[3.4066810607910156, 1.0, 0.5215794302363846]
[3.416351318359375, 1.0, 0.521499542018915]
[3.4243836402893066, 1.0, 0.5214169701882608]
[3.436086416244507, 1.0, 0.5213317804635116]
[3.4421303272247314, 1.0, 0.5212440411594083]
[3.452031373977661, 1.0, 0.5211538197528217]
[3.4640052318573, 1.0, 0.5210611828860277]
[3.476487159729004, 1.0, 0.5209661963699126]
[3.485156774520874, 1.0, 0.520868928353499]
[3.4996461868286133, 1.0, 0.5207694471562299]
[3.5082225799560547, 1.0, 0.5206678161421845]
[3.516936779022217, 1.0, 0.5205640944632858]
[3.5320587158203125, 1.0, 0.5204583393979503]
[3.5417988300323486, 1.0, 0.5203506153713622]
[3.5499396324157715, 1.0, 0.520240983500303]
[3.55876088142395, 1.0, 0.5201294983664199]
[3.57415509223938, 1.0, 0.5200162221806862]
[3.583062171936035, 1.0, 0.51990121749805]
[3.5917747020721436, 1.0, 0.519784541193645]
[3.6028871536254883, 1.0, 0.5196662493514922]
[3.6160178184509277, 1.0, 0.5195463933259138]
[3.629868507385254, 1.0, 0.5194250224926207]
[3.6343586444854736, 1.0, 0.5193021946981977]
[3.641862630844116, 1.0, 0.5191779641495929]
[3.6513397693634033, 1.0, 0.5190523818520147]
[3.6599111557006836, 1.0, 0.5189255005200059]
[3.669968605041504, 1.0, 0.5187973653794234]
[3.678048849105835, 1.0, 0.5186680264413626]
[3.6960411071777344, 1.0, 0.5185375372834788]
[3.7032439708709717, 1.0, 0.5184059520336084]
[3.7112679481506348, 1.0, 0.5182733139865615]
[3.7205610275268555, 1.0, 0.5181396643959328]
[3.730323314666748, 1.0, 0.5180050496037092]
[3.738489866256714, 1.0, 0.5178695197191487]
[3.7491605281829834, 1.0, 0.5177331209523326]
[3.7658417224884033, 1.0, 0.5175958915067256]
[3.770411968231201, 1.0, 0.5174578748787853]
[3.778989315032959, 1.0, 0.517319113865744]
[3.7890207767486572, 1.0, 0.5171796612695782]
[3.796950578689575, 1.0, 0.5170395536541845]
[3.8064637184143066, 1.0, 0.516898830244032]
[3.8155453205108643, 1.0, 0.5167575371435972]
[3.824044942855835, 1.0, 0.5166157135702787]
[3.8368642330169678, 1.0, 0.5164733980727955]
[3.8449442386627197, 1.0, 0.5163306237928611]
[3.857281446456909, 1.0, 0.5161874218225033]
[3.871785879135132, 1.0, 0.5160438289212366]
[3.880575180053711, 1.0, 0.5158998812032705]
[3.8904192447662354, 1.0, 0.5157556141433522]
[3.899099349975586, 1.0, 0.5156110625823096]
[3.9113247394561768, 1.0, 0.5154662607326098]
[3.9226369857788086, 1.0, 0.5153212421839344]
[3.933657169342041, 1.0, 0.5151760399087668]
[3.9414374828338623, 1.0, 0.5150306862679935]
[3.950590133666992, 1.0, 0.5148852178616367]
[3.959740161895752, 1.0, 0.5147396720995535]
[3.975801944732666, 1.0, 0.5145940744759884]
[3.986114978790283, 1.0, 0.5144484484860125]
[3.995262861251831, 1.0, 0.5143028211434968]
[4.005734443664551, 1.0, 0.5141572292704668]
[4.014634370803833, 1.0, 0.5140116954141347]
[4.024287939071655, 1.0, 0.5138662472505835]
[4.03324818611145, 1.0, 0.5137209167430296]
[4.042145252227783, 1.0, 0.5135757318585065]
[4.050834655761719, 1.0, 0.5134307121299608]
[4.060457944869995, 1.0, 0.5132858878602056]
[4.0800135135650635, 1.0, 0.5131412853826288]
[4.089404821395874, 1.0, 0.5129969274567766]
[4.095118761062622, 1.0, 0.5128528441668622]
[4.10480260848999, 1.0, 0.5127090538215425]
[4.1127119064331055, 1.0, 0.5125655728304106]
[4.122052907943726, 1.0, 0.5124224283065295]
[4.1320412158966064, 1.0, 0.5122796434636898]
[4.140165328979492, 1.0, 0.5121372332388688]
[4.148971080780029, 1.0, 0.5119952184678493]
[4.1588454246521, 1.0, 0.5118536194983335]
[4.1690380573272705, 1.0, 0.5117124609157866]
[4.176488876342773, 1.0, 0.511571763479094]
[4.185415267944336, 1.0, 0.5114315398001295]
[4.199376344680786, 1.0, 0.5112918130075604]
[4.208937168121338, 1.0, 0.5111526071097919]
[4.217450380325317, 1.0, 0.5110139347536302]
[4.228490352630615, 1.0, 0.5108758114317411]
[4.234881162643433, 1.0, 0.5107382551369404]
[4.247858047485352, 1.0, 0.5106012804913947]
[4.257580280303955, 1.0, 0.5104649091738127]
[4.262693881988525, 1.0, 0.5103291562835252]
[4.271353721618652, 1.0, 0.5101940364995349]
[4.2805540561676025, 1.0, 0.5100595640858682]
[4.289327621459961, 1.0, 0.5099257528969378]
[4.301933765411377, 1.0, 0.509792611922508]
[4.307544469833374, 1.0, 0.5096601418352199]
[4.316617965698242, 1.0, 0.5095283535499149]
[4.333145380020142, 1.0, 0.50939726778449]
[4.342529296875, 1.0, 0.509266901811846]
[4.35309100151062, 1.0, 0.5091372729998469]
[4.361924648284912, 1.0, 0.5090083881512759]
[4.376803159713745, 1.0, 0.5088802524720263]
[4.380836725234985, 1.0, 0.5087528702095039]
[4.389422416687012, 1.0, 0.5086262497291124]
[4.402098178863525, 1.0, 0.5085004186830763]
[4.409637689590454, 1.0, 0.5083753870958186]
[4.424550533294678, 1.0, 0.5082511597839598]
[4.427720785140991, 1.0, 0.5081277380018022]
[4.440586090087891, 1.0, 0.5080051316908076]
[4.452412366867065, 1.0, 0.5078833498100673]
[4.455772638320923, 1.0, 0.507762400270855]
[4.465182304382324, 1.0, 0.5076422906642024]
[4.480626821517944, 1.0, 0.5075230282656547]
[4.484054088592529, 1.0, 0.5074046200400291]
[4.496490716934204, 1.0, 0.5072870726461425]
[4.5045342445373535, 1.0, 0.5071703963597533]
[4.516162157058716, 1.0, 0.5070545983790641]
[4.521944761276245, 1.0, 0.5069396792381858]
[4.531505107879639, 1.0, 0.5068256482512337]
[4.5452880859375, 1.0, 0.5067125155315042]
[4.552259922027588, 1.0, 0.5066002857577331]
[4.557897329330444, 1.0, 0.5064889595965891]
[4.570017099380493, 1.0, 0.5063785363924753]
[4.582266569137573, 1.0, 0.5062690202647042]
[4.587272882461548, 1.0, 0.506160418722322]
[4.596322298049927, 1.0, 0.5060527364272701]
[4.611131429672241, 1.0, 0.5059459754423123]
[4.61584997177124, 1.0, 0.5058401399140868]
[4.624642610549927, 1.0, 0.5057352314361968]
[4.634314298629761, 1.0, 0.5056312536565791]
[4.642627239227295, 1.0, 0.5055282042507955]
[4.65159010887146, 1.0, 0.5054260853786269]
[4.660992622375488, 1.0, 0.5053248989729305]
[4.670319080352783, 1.0, 0.5052246467439493]
[4.6787965297698975, 1.0, 0.5051253301833477]
[4.68904447555542, 1.0, 0.5050269505682121]
[4.6977760791778564, 1.0, 0.5049295122443356]
[4.706343412399292, 1.0, 0.5048330202713235]
[4.716017484664917, 1.0, 0.5047374718677899]
[4.723891973495483, 1.0, 0.5046428631542661]
[4.733328104019165, 1.0, 0.504549194396858]
[4.7421770095825195, 1.0, 0.5044564656701149]
[4.759824991226196, 1.0, 0.5043646799519512]
[4.762318849563599, 1.0, 0.5042738409021637]
[4.771202802658081, 1.0, 0.5041839448021959]
[4.782499313354492, 1.0, 0.5040949869124435]
[4.791992425918579, 1.0, 0.5040069693744713]
[4.808926343917847, 1.0, 0.5039198920556778]
[4.810669660568237, 1.0, 0.503833745463755]
[4.819664001464844, 1.0, 0.5037485269722042]
[4.828691005706787, 1.0, 0.5036642404869786]
[4.8379411697387695, 1.0, 0.5035808848743479]
[4.84713339805603, 1.0, 0.5034984583453264]
[4.857332468032837, 1.0, 0.5034169589621498]
[4.866660833358765, 1.0, 0.5033363873582049]
[4.8767173290252686, 1.0, 0.5032567420965582]
[4.889734745025635, 1.0, 0.503178017183322]
[4.898738861083984, 1.0, 0.503100212743813]
[4.907508373260498, 1.0, 0.5030233269080823]
[4.916121959686279, 1.0, 0.5029473534091171]
[4.925035238265991, 1.0, 0.5028722893607247]
[4.933845043182373, 1.0, 0.5027981317531861]
[4.943522214889526, 1.0, 0.5027248799283727]
[4.9528419971466064, 1.0, 0.5026525337981324]
[4.960906982421875, 1.0, 0.5025810874069602]
[4.990103721618652, 1.0, 0.5025105340207412]
[4.990606784820557, 1.0, 0.5024408665114841]
[5.002501010894775, 1.0, 0.5023720801354213]
[5.019985198974609, 1.0, 0.5023041754740487]
[5.0237743854522705, 1.0, 0.5022371490447488]
[5.032695531845093, 1.0, 0.502170999094041]
[5.042705297470093, 1.0, 0.5021057243930294]
[5.051159620285034, 1.0, 0.502041320598205]
[5.061850547790527, 1.0, 0.5019777832793245]
[5.071064710617065, 1.0, 0.5019151058040706]
[5.082518100738525, 1.0, 0.5018532808724918]
[5.0884623527526855, 1.0, 0.5017923039719779]
[5.097648859024048, 1.0, 0.5017321705105476]
[5.114919900894165, 1.0, 0.5016728778239076]
[5.118061065673828, 1.0, 0.501614423727234]
[5.139168977737427, 1.0, 0.5015568013012905]
[5.142425298690796, 1.0, 0.5015000030220762]
[5.151120185852051, 1.0, 0.501444023939741]
[5.160036325454712, 1.0, 0.5013888590393766]
[5.1726343631744385, 1.0, 0.5013345050822484]
[5.18769907951355, 1.0, 0.5012809592759206]
[5.19398832321167, 1.0, 0.5012282144934357]
[5.203498840332031, 1.0, 0.5011762630629607]
[5.212736368179321, 1.0, 0.5011250996801285]
[5.226044654846191, 1.0, 0.5010747189886594]
[5.234954357147217, 1.0, 0.5010251155825609]
[5.2437968254089355, 1.0, 0.5009762840081753]
[5.253731727600098, 1.0, 0.5009282203939155]
[5.265257835388184, 1.0, 0.500880919669284]
[5.277061223983765, 1.0, 0.5008343732899464]
[5.281478643417358, 1.0, 0.5007885797934623]
[5.290040016174316, 1.0, 0.5007435336498791]
[5.299592971801758, 1.0, 0.5006992275320867]
[5.308319330215454, 1.0, 0.5006556551468268]
[5.317385673522949, 1.0, 0.5006128126127046]
[5.327072381973267, 1.0, 0.5005706925850237]
[5.335014820098877, 1.0, 0.5005292873020931]
[5.344171047210693, 1.0, 0.5004885909161573]
[5.35397481918335, 1.0, 0.5004485989104686]
[5.362143039703369, 1.0, 0.5004093057817144]
[5.371320962905884, 1.0, 0.5003707051081165]
[5.4252777099609375, 1.0, 0.500332791330812]
[5.426596164703369, 1.0, 0.5002955548246986]
[5.4360716342926025, 1.0, 0.5002589890464977]
[5.444736957550049, 1.0, 0.5002230920025944]
[5.454506158828735, 1.0, 0.500187856234862]
[5.469191789627075, 1.0, 0.5001532773042608]
[5.520126581192017, 1.0, 0.5001193475696822]
[5.5207085609436035, 1.0, 0.500086060426558]
[5.530273914337158, 1.0, 0.5000534102064496]
[5.544865131378174, 1.0, 0.5000213910532797]
[5.556801080703735, 1.0, 0.4999899969051546]
[5.617859840393066, 1.0, 0.4999592216955667]
[5.618510484695435, 1.0, 0.4999290588419055]
[5.630824565887451, 1.0, 0.4998995036227622]
[5.636967182159424, 1.0, 0.4998705514237491]
[5.646747350692749, 1.0, 0.49984219511511124]
[5.654709815979004, 1.0, 0.4998144273103145]
[5.6643900871276855, 1.0, 0.4997872428678095]
[5.717524290084839, 1.0, 0.4997606359929648]
[5.718769788742065, 1.0, 0.49973459804076775]
[5.727922677993774, 1.0, 0.49970912256075994]
[5.736889839172363, 1.0, 0.4996842051685016]
[5.748974561691284, 1.0, 0.4996598399808333]
[5.767773866653442, 1.0, 0.4996360209701688]
[5.767964601516724, 1.0, 0.4996127409091019]
[5.8034141063690186, 1.0, 0.49958999343468125]
[5.80433988571167, 1.0, 0.49956777288454685]
[5.813870668411255, 1.0, 0.49954607307433513]
[5.822893142700195, 1.0, 0.4995248901816524]
[5.834084749221802, 1.0, 0.49950421859543553]
[5.877481460571289, 1.0, 0.49948405141280017]
[5.878554344177246, 1.0, 0.4994643816877001]
[5.888323783874512, 1.0, 0.4994452032161611]
[5.900777578353882, 1.0, 0.49942651224199336]
[5.909062623977661, 1.0, 0.49940830213440973]
[5.919440746307373, 1.0, 0.49939056704908796]
[5.933721303939819, 1.0, 0.4993733011624654]
[5.9378745555877686, 1.0, 0.4993564983828489]
[5.946509122848511, 1.0, 0.49934015312542035]
[5.958616733551025, 1.0, 0.49932425973583444]
[5.964856147766113, 1.0, 0.4993088124808954]
[5.97512149810791, 1.0, 0.4992938056517459]
[5.991906642913818, 1.0, 0.499279233564514]
[5.995298147201538, 1.0, 0.4992650905609475]
[6.007917165756226, 1.0, 0.4992513710090311]
[6.017224311828613, 1.0, 0.49923806976090407]
[6.0259339809417725, 1.0, 0.49922518137155]
[6.035703659057617, 1.0, 0.499212700109832]
[6.043858289718628, 1.0, 0.4992006205794471]
[6.053332805633545, 1.0, 0.49918893711711676]
[6.065149307250977, 1.0, 0.4991776447670008]
[6.076411008834839, 1.0, 0.4991667376720931]
[6.0805652141571045, 1.0, 0.4991562104076462]
[6.089038133621216, 1.0, 0.49914605744766744]
[6.102766275405884, 1.0, 0.4991362735554747]
[6.126008033752441, 1.0, 0.4991268532817488]
[6.127905607223511, 1.0, 0.4991177914470495]
[6.140920400619507, 1.0, 0.49910908267636206]
[6.146566152572632, 1.0, 0.49910072213961026]
[6.158379793167114, 1.0, 0.4990927046216536]
[6.1676390171051025, 1.0, 0.49908502494232676]
[6.17728328704834, 1.0, 0.4990776777007835]
[6.190201997756958, 1.0, 0.49907065771350084]
[6.198714733123779, 1.0, 0.49906396001521375]
[6.207858562469482, 1.0, 0.49905757927757904]
[6.216735601425171, 1.0, 0.4990515105350978]
[6.2256269454956055, 1.0, 0.4990457488580612]
[6.235090732574463, 1.0, 0.4990402893528398]
[6.2435994148254395, 1.0, 0.49903512716214316]
[6.254623651504517, 1.0, 0.499030257877571]
[6.2621331214904785, 1.0, 0.4990256766824872]
[6.272850751876831, 1.0, 0.49902137864734036]
[6.281195163726807, 1.0, 0.4990173589891127]
[6.291147470474243, 1.0, 0.4990136130774795]
[6.299178838729858, 1.0, 0.4990101362116252]
[6.309767246246338, 1.0, 0.4990069238314182]
[6.317370176315308, 1.0, 0.4990039712116481]
[6.326678514480591, 1.0, 0.4990012739305544]
[6.335387229919434, 1.0, 0.4989988275348085]
[6.34433388710022, 1.0, 0.49899662756813856]
[6.3587119579315186, 1.0, 0.49899466950463073]
[6.368663549423218, 1.0, 0.4989929490433778]
[6.376382112503052, 1.0, 0.4989914618759146]
[6.38591742515564, 1.0, 0.49899020367607055]
[6.395545244216919, 1.0, 0.4989891702506164]
[6.409123420715332, 1.0, 0.4989883573349626]
[6.416754961013794, 1.0, 0.49898776072875994]
[6.425668716430664, 1.0, 0.4989873763275162]
[6.435945987701416, 1.0, 0.4989872000205693]
[6.443856477737427, 1.0, 0.49898722773715526]
[6.4532387256622314, 1.0, 0.49898745544642714]
[6.462282419204712, 1.0, 0.4989878791650557]
[6.4707043170928955, 1.0, 0.49898849495837827]
[6.481256484985352, 1.0, 0.4989892989298141]
[6.488766670227051, 1.0, 0.4989902871952995]
[6.498071193695068, 1.0, 0.4989914558961559]
[6.511529207229614, 1.0, 0.4989928012799579]
[6.520996809005737, 1.0, 0.4989943196064557]
[6.535273790359497, 1.0, 0.49899600716243797]
[6.5436437129974365, 1.0, 0.49899786034682403]
[6.552748680114746, 1.0, 0.49899987553774733]
[6.572418928146362, 1.0, 0.4990020490852706]
[6.577167987823486, 1.0, 0.49900437742617204]
[6.594442367553711, 1.0, 0.49900685714544507]
[6.6024932861328125, 1.0, 0.4990094846945511]
[6.612594366073608, 1.0, 0.4990122566224453]
[6.621856451034546, 1.0, 0.49901516965124504]
[6.630976676940918, 1.0, 0.4990182204312448]
[6.639720916748047, 1.0, 0.4990214056512979]
[6.653732538223267, 1.0, 0.4990247220387091]
[6.657968044281006, 1.0, 0.4990281663591269]
[6.667029857635498, 1.0, 0.49903173530161943]
[6.676650047302246, 1.0, 0.4990354255558873]
[6.68473219871521, 1.0, 0.4990392341207647]
[6.694069862365723, 1.0, 0.4990431580729666]
[6.703608751296997, 1.0, 0.4990471943679442]
[6.712177038192749, 1.0, 0.4990513399987436]
[6.721987247467041, 1.0, 0.49905559199585514]
[6.734576225280762, 1.0, 0.49905994742706505]
[6.739842176437378, 1.0, 0.4990644033973035]
[6.748403549194336, 1.0, 0.4990689568999553]
[6.757550954818726, 1.0, 0.49907360507064963]
[6.76599907875061, 1.0, 0.4990783453232287]
[6.77501654624939, 1.0, 0.4990831747515029]
[6.784396648406982, 1.0, 0.4990880905977553]
[6.793333292007446, 1.0, 0.49909309039737354]
[6.804711580276489, 1.0, 0.4990981715105267]
[6.81710147857666, 1.0, 0.49910333133317203]
[6.8251190185546875, 1.0, 0.4991085672968568]
[6.833997011184692, 1.0, 0.49911387686852754]
[6.84332275390625, 1.0, 0.49911925755033576]
[6.855088472366333, 1.0, 0.4991247068794408]
[6.863790988922119, 1.0, 0.4991302224278096]
[6.87286639213562, 1.0, 0.49913580180201306]
[6.882208585739136, 1.0, 0.4991414426430203]
[6.894635915756226, 1.0, 0.4991471426259896]
[6.900047063827515, 1.0, 0.4991528994600567]
[6.908865690231323, 1.0, 0.4991587108881209]
[6.922182321548462, 1.0, 0.49916457468662834]
[6.930521011352539, 1.0, 0.499170488665353]
[6.939872741699219, 1.0, 0.49917645047004283]
[6.952261447906494, 1.0, 0.4991824579192405]
[6.964474439620972, 1.0, 0.4991885089844863]
[6.969759464263916, 1.0, 0.49919460154840334]
[6.9796507358551025, 1.0, 0.49920073385148345]
[6.992178440093994, 1.0, 0.499206903898553]
[6.998845338821411, 1.0, 0.4992131092506842]
[7.00838303565979, 1.0, 0.49921934819145924]
[7.017118453979492, 1.0, 0.49922561909492263]
[7.025929927825928, 1.0, 0.49923192009128053]
[7.034976482391357, 1.0, 0.49923824934153954]
[7.0442492961883545, 1.0, 0.4992446050372517]
[7.053075313568115, 1.0, 0.49925098540027263]
[7.062361001968384, 1.0, 0.4992573886825177]
[7.071621894836426, 1.0, 0.4992638131657176]
[7.0803868770599365, 1.0, 0.49927025716117285]
[7.091717958450317, 1.0, 0.4992767190095066]
[7.099540948867798, 1.0, 0.4992831968650223]
[7.110110759735107, 1.0, 0.49928968884779473]
[7.118019342422485, 1.0, 0.49929619361001515]
[7.126933574676514, 1.0, 0.4993027098954795]
[7.140984535217285, 1.0, 0.4993092356840498]
[7.145574331283569, 1.0, 0.49931576949820594]
[7.154002666473389, 1.0, 0.49932230988584037]
[7.165435791015625, 1.0, 0.49932885564020674]
[7.175107717514038, 1.0, 0.4993354056451029]
[7.188025712966919, 1.0, 0.4993419583017377]
[7.200989484786987, 1.0, 0.4993485119744316]
[7.212627410888672, 1.0, 0.4993550655638993]
[7.22152304649353, 1.0, 0.49936161784185984]
[7.235943078994751, 1.0, 0.4993681674689648]
[7.239786148071289, 1.0, 0.4993747138121146]
[7.248254776000977, 1.0, 0.49938125574445924]
[7.265308856964111, 1.0, 0.4993877916642163]
[7.27316951751709, 1.0, 0.49939432035832565]
[7.282259464263916, 1.0, 0.4994008404584721]
[7.290839910507202, 1.0, 0.49940735077506515]
[7.308239698410034, 1.0, 0.499413850279433]
[7.315413475036621, 1.0, 0.49942033761318194]
[7.323773384094238, 1.0, 0.4994268119481227]
[7.335743427276611, 1.0, 0.4994332725416156]
[7.341166973114014, 1.0, 0.4994397184902325]
[7.3520989418029785, 1.0, 0.4994461482372574]
[7.360131502151489, 1.0, 0.49945256079463407]
[7.369339466094971, 1.0, 0.4994589552317587]
[7.37808084487915, 1.0, 0.49946533063997595]
[7.387199878692627, 1.0, 0.49947168634483974]
[7.3959009647369385, 1.0, 0.49947802154251186]
[7.407974004745483, 1.0, 0.4994843351047325]
[7.4170310497283936, 1.0, 0.4994906264186686]
[7.426810264587402, 1.0, 0.4994968949525142]
[7.439528703689575, 1.0, 0.4995031397037986]
[7.448953151702881, 1.0, 0.4995093598386265]
[7.462124586105347, 1.0, 0.4995155546755896]
[7.474332571029663, 1.0, 0.4995217234209411]
[7.479639530181885, 1.0, 0.4995278656376618]
[7.4892191886901855, 1.0, 0.49953398042616914]
[7.4976794719696045, 1.0, 0.4995400668474244]
[7.50712513923645, 1.0, 0.49954612425593636]
[7.515551805496216, 1.0, 0.49955215202469233]
[7.526021957397461, 1.0, 0.49955814974584517]
[7.533859729766846, 1.0, 0.49956411708686194]
[7.543144464492798, 1.0, 0.4995700530003919]
[7.552066802978516, 1.0, 0.4995759571309682]
[7.56078314781189, 1.0, 0.49958182899795417]
[7.571374893188477, 1.0, 0.4995876678159804]
[7.579058885574341, 1.0, 0.49959347308095303]
[7.588322639465332, 1.0, 0.4995992444988751]
[7.597432613372803, 1.0, 0.49960498165476225]
[7.606488227844238, 1.0, 0.4996106840262925]
[7.615830421447754, 1.0, 0.4996163512299436]
[7.624727725982666, 1.0, 0.49962198258685303]
[7.634040117263794, 1.0, 0.49962757768920624]
[7.642574071884155, 1.0, 0.49963313633091555]
[7.651710510253906, 1.0, 0.4996386581885216]
[7.661128759384155, 1.0, 0.4996441428340955]
[7.670086622238159, 1.0, 0.49964958997289877]
[7.679185390472412, 1.0, 0.499654999206764]
[7.6900246143341064, 1.0, 0.49966037044909123]
[7.698623418807983, 1.0, 0.49966570320392195]
[7.707448244094849, 1.0, 0.4996709969384361]
[7.716606140136719, 1.0, 0.499676251374286]
[7.726716995239258, 1.0, 0.49968146642154393]
[7.734386682510376, 1.0, 0.4996866418790317]
[7.743591070175171, 1.0, 0.49969177727358266]
[7.754113435745239, 1.0, 0.49969687237877275]
[7.767247915267944, 1.0, 0.4997019271504587]
[7.770187139511108, 1.0, 0.4997069416046867]
[7.779667377471924, 1.0, 0.49971191537374554]
[7.788643836975098, 1.0, 0.49971684822053036]
[7.797820329666138, 1.0, 0.49972174002710057]
[7.806262731552124, 1.0, 0.49972659058038993]
[7.828717947006226, 1.0, 0.4997313997844362]
[7.834215402603149, 1.0, 0.4997361672891456]
[7.843266248703003, 1.0, 0.4997408929732262]
[7.853425979614258, 1.0, 0.49974557688358157]
[7.861086368560791, 1.0, 0.49975021912192635]
[7.8707640171051025, 1.0, 0.4997548194332764]
[7.882659673690796, 1.0, 0.4997593775293803]
[7.889718532562256, 1.0, 0.49976389334059007]
[7.900216817855835, 1.0, 0.4997683668070034]
[7.90714955329895, 1.0, 0.4997727980274]
[7.919899940490723, 1.0, 0.4997771870041102]
[7.928375244140625, 1.0, 0.49978153350616683]
[7.937755584716797, 1.0, 0.499785837655821]
[7.94572639465332, 1.0, 0.49979009962482235]
[7.955631256103516, 1.0, 0.499794319256153]
[7.9650819301605225, 1.0, 0.49979849636162765]
[7.987299680709839, 1.0, 0.49980263095316657]
[7.995258808135986, 1.0, 0.4998067231886917]
[8.004898309707642, 1.0, 0.4998107732727303]
[8.016043663024902, 1.0, 0.4998147810967083]
[8.021593809127808, 1.0, 0.4998187466556981]
[8.032439708709717, 1.0, 0.499822670039797]
[8.04433298110962, 1.0, 0.49982655125998793]
[8.053472518920898, 1.0, 0.4998303905495748]
[8.061473846435547, 1.0, 0.49983418797238355]
[8.074176549911499, 1.0, 0.49983794359928424]
[8.082473516464233, 1.0, 0.4998416575080297]
[8.090867042541504, 1.0, 0.49984532965930834]
[8.099709033966064, 1.0, 0.4998489601082544]
[8.109549045562744, 1.0, 0.4998525491177639]
[8.123412132263184, 1.0, 0.49985609679156673]
[8.132096529006958, 1.0, 0.4998596031212913]
[8.140843391418457, 1.0, 0.49986306818849935]
[8.149490118026733, 1.0, 0.49986649244707726]
[8.158818244934082, 1.0, 0.4998698760764186]
[8.168046951293945, 1.0, 0.49987321888225544]
[8.18613600730896, 1.0, 0.4998765208389405]
[8.194010496139526, 1.0, 0.4998797822086666]
[8.203304052352905, 1.0, 0.4998830032892741]
[8.21247673034668, 1.0, 0.4998861841273689]
[8.223226308822632, 1.0, 0.49988932474466086]
[8.230894327163696, 1.0, 0.49989242531282707]
[8.239361763000488, 1.0, 0.49989548600808675]
[8.249282598495483, 1.0, 0.49989850711310074]
[8.25820016860962, 1.0, 0.4999014889431163]
[8.272526741027832, 1.0, 0.4999044316795517]
[8.28158450126648, 1.0, 0.4999073355080073]
[8.29203486442566, 1.0, 0.49991020061814007]
[8.30101990699768, 1.0, 0.499913027203546]
[8.316474199295044, 1.0, 0.499915815367425]
[8.323992729187012, 1.0, 0.49991856528355705]
[8.333515405654907, 1.0, 0.49992127728254365]
[8.345127582550049, 1.0, 0.49992395157254615]
[8.357016324996948, 1.0, 0.4999265883651078]
[8.363588809967041, 1.0, 0.49992918787503904]
[8.372624635696411, 1.0, 0.49993175023366065]
[8.381672382354736, 1.0, 0.49993427555143544]
[8.390654563903809, 1.0, 0.4999367640591359]
[8.399245738983154, 1.0, 0.49993921607321984]
[8.409523963928223, 1.0, 0.49994163185390517]
[8.417726278305054, 1.0, 0.49994401160956964]
[8.427141189575195, 1.0, 0.49994635560474243]
[8.436149597167969, 1.0, 0.4999486639753354]
[8.449617862701416, 1.0, 0.499950936967136]
[8.45507526397705, 1.0, 0.4999531748280872]
[8.462831974029541, 1.0, 0.4999553778827917]
[8.473444700241089, 1.0, 0.4999575464783162]
[8.481087923049927, 1.0, 0.499959680862462]
[8.498738765716553, 1.0, 0.49996178121379353]
[8.507412672042847, 1.0, 0.4999638477631872]
[8.521673440933228, 1.0, 0.49996588076653276]
[8.525269031524658, 1.0, 0.4999678805729593]
[8.535838603973389, 1.0, 0.49996984743888323]
[8.545360088348389, 1.0, 0.4999717815566464]
[8.553472995758057, 1.0, 0.49997368316652535]
[8.563172817230225, 1.0, 0.4999755526167416]
[8.571619510650635, 1.0, 0.4999773901691384]
[8.580696105957031, 1.0, 0.49997919608673336]
[8.59001350402832, 1.0, 0.49998097063363905]
[8.60181450843811, 1.0, 0.4999827140158375]
[8.608744621276855, 1.0, 0.49998442648224123]
[8.617805004119873, 1.0, 0.49998610832175344]
[8.626183986663818, 1.0, 0.4999877597855409]
[8.6351637840271, 1.0, 0.4999893812183429]
[8.644412279129028, 1.0, 0.49999097288927835]
[8.657721281051636, 1.0, 0.49999253506807406]
[8.665740013122559, 1.0, 0.49999406802499563]
[8.681904554367065, 1.0, 0.49999557197968486]
[8.686660051345825, 1.0, 0.4999970471383299]
[8.698721408843994, 1.0, 0.49999849382614847]
[8.707196474075317, 1.0, 0.49999991233365837]
[8.717352867126465, 1.0, 0.5000013029188343]
[8.735742092132568, 1.0, 0.5000026658718957]
[8.737540483474731, 1.0, 0.500004001451624]
[8.746754169464111, 1.0, 0.5000053099477246]
[8.760737895965576, 1.0, 0.5000065915759349]
[8.771124601364136, 1.0, 0.5000078466553002]
[8.78140902519226, 1.0, 0.5000090754743576]
[8.836678266525269, 1.0, 0.5000102782928895]
[8.83731985092163, 1.0, 0.5000114554995424]
[8.846842288970947, 1.0, 0.5000126073837899]
[8.855611801147461, 1.0, 0.5000137341417336]
[8.868987798690796, 1.0, 0.5000148360372428]
[8.873822927474976, 1.0, 0.5000159133407376]
[8.885549068450928, 1.0, 0.5000169663221923]
[8.894375324249268, 1.0, 0.5000179952510917]
[8.904485940933228, 1.0, 0.5000190003620895]
[8.912890672683716, 1.0, 0.5000199818801014]
[8.924352884292603, 1.0, 0.500020940108981]
[8.935858726501465, 1.0, 0.500021875360569]
[8.945249319076538, 1.0, 0.5000227878700565]
[8.953588485717773, 1.0, 0.5000236778940252]
[8.96152949333191, 1.0, 0.5000245457389794]
[8.970650434494019, 1.0, 0.500025391640016]
[8.980267524719238, 1.0, 0.5000262158519163]
[9.000998497009277, 1.0, 0.5000270186481472]
[9.010613203048706, 1.0, 0.5000278002820926]
[9.025243997573853, 1.0, 0.5000285610508646]
[9.033470630645752, 1.0, 0.5000293012526914]
[9.04303789138794, 1.0, 0.5000300211573616]
[9.051972389221191, 1.0, 0.5000307209745322]
[9.064581632614136, 1.0, 0.5000314009327615]
[9.07370662689209, 1.0, 0.500032061280451]
[9.082525968551636, 1.0, 0.5000327022807882]
[9.090667724609375, 1.0, 0.5000333241802408]
[9.102687358856201, 1.0, 0.5000339272598814]
[9.114179849624634, 1.0, 0.500034511750042]
[9.121457815170288, 1.0, 0.5000350778940791]
[9.133292436599731, 1.0, 0.5000356259478999]
[9.144554138183594, 1.0, 0.5000361561343757]
[9.153253078460693, 1.0, 0.5000366687010447]
[9.162526607513428, 1.0, 0.5000371638940498]
[9.174957513809204, 1.0, 0.5000376419746244]
[9.180148601531982, 1.0, 0.5000381032067852]
[9.189789056777954, 1.0, 0.5000385478303115]
[9.198745489120483, 1.0, 0.5000389760687393]
[9.207936763763428, 1.0, 0.5000393881546804]
[9.219762563705444, 1.0, 0.5000397843433878]
[9.225887537002563, 1.0, 0.5000401648556206]
[9.237513303756714, 1.0, 0.5000405299073318]
[9.245401382446289, 1.0, 0.5000408797312716]
[9.254679679870605, 1.0, 0.500041214570274]
[9.263861656188965, 1.0, 0.5000415346573049]
[9.275990009307861, 1.0, 0.5000418402047608]
[9.283469438552856, 1.0, 0.5000421314491891]
[9.293166637420654, 1.0, 0.5000424086279843]
[9.302589654922485, 1.0, 0.5000426719626818]
[9.311798572540283, 1.0, 0.5000429216732051]
[9.32089114189148, 1.0, 0.5000431579778534]
[9.333339214324951, 1.0, 0.5000433810932903]
[9.344878435134888, 1.0, 0.5000435912383927]
[9.353511810302734, 1.0, 0.5000437886239238]
[9.362392902374268, 1.0, 0.5000439734602131]
[9.37222170829773, 1.0, 0.5000441459511193]
[9.383282661437988, 1.0, 0.5000443063031899]
[9.389833688735962, 1.0, 0.5000444547237094]
[9.399222373962402, 1.0, 0.5000445914253593]
[9.40912389755249, 1.0, 0.5000447166113712]
[9.419096946716309, 1.0, 0.5000448304790907]
[9.430093765258789, 1.0, 0.5000449332271047]
[9.436670541763306, 1.0, 0.5000450250590608]
[9.44532823562622, 1.0, 0.500045106168237]
[9.455965757369995, 1.0, 0.500045176745645]
[9.463184356689453, 1.0, 0.5000452369874525]
[9.472355365753174, 1.0, 0.500045287086381]
[9.481650114059448, 1.0, 0.5000453272312156]
[9.492652893066406, 1.0, 0.5000453576122567]
[9.499647378921509, 1.0, 0.5000453784143538]
[9.510494947433472, 1.0, 0.5000453898206262]
[9.520154237747192, 1.0, 0.5000453920141936]
[9.528476476669312, 1.0, 0.5000453851763873]
[9.537733554840088, 1.0, 0.5000453694865212]
[9.547178506851196, 1.0, 0.5000453451222814]
[9.555528163909912, 1.0, 0.5000453122599351]
[9.565987825393677, 1.0, 0.5000452710725607]
[9.579501628875732, 1.0, 0.5000452217308528]
[9.58843731880188, 1.0, 0.5000451644064748]
[9.60567307472229, 1.0, 0.5000450992700736]
[9.60905385017395, 1.0, 0.5000450264886769]
[9.617826700210571, 1.0, 0.500044946225105]
[9.637839794158936, 1.0, 0.5000448586394454]
[9.645755052566528, 1.0, 0.500044763892934]
[9.655726194381714, 1.0, 0.5000446621450558]
[9.663959503173828, 1.0, 0.5000445535520006]
[9.678428173065186, 1.0, 0.5000444382752791]
[9.681771278381348, 1.0, 0.5000443164651234]
[9.690971374511719, 1.0, 0.5000441882740472]
[9.702276468276978, 1.0, 0.5000440538528305]
[9.710448980331421, 1.0, 0.5000439133505236]
[9.719679594039917, 1.0, 0.5000437669144518]
[9.731627702713013, 1.0, 0.5000436146902203]
[9.745574474334717, 1.0, 0.5000434568217184]
[9.761025190353394, 1.0, 0.5000432934563879]
[9.771013736724854, 1.0, 0.5000431247416766]
[9.779256105422974, 1.0, 0.5000429508109104]
[9.788488626480103, 1.0, 0.5000427717996975]
[9.803027868270874, 1.0, 0.5000425878451215]
[9.810972213745117, 1.0, 0.5000423990731566]
[9.824877500534058, 1.0, 0.5000422056158519]
[9.834835529327393, 1.0, 0.5000420076035884]
[9.843575239181519, 1.0, 0.500041805165087]
[9.859021186828613, 1.0, 0.5000415984274154]
[9.867008209228516, 1.0, 0.5000413875159951]
[9.876322507858276, 1.0, 0.50004117256164]
[9.885760307312012, 1.0, 0.5000409536885434]
[9.903014659881592, 1.0, 0.5000407310078424]
[9.904757976531982, 1.0, 0.5000405046384558]
[9.915245294570923, 1.0, 0.5000402747052409]
[9.927844762802124, 1.0, 0.5000400413337657]
[9.935584783554077, 1.0, 0.5000398046302973]
[9.945421934127808, 1.0, 0.5000395646971426]
[9.954975605010986, 1.0, 0.5000393216452791]
[9.962998867034912, 1.0, 0.5000390755841203]
[9.974706649780273, 1.0, 0.5000388266215254]
[9.984218120574951, 1.0, 0.5000385748597894]
[9.994002342224121, 1.0, 0.5000383204173501]
[10.003065347671509, 1.0, 0.5000380633877074]
